50
3
1 2 3
2 3 5
3 5 6
2 3 4
1 2 3
6
5 7 10 13 17 21
2 5 6 7 11 15
11 12 22 23 28 31
5 7 9 10 12 16
6 9 14 17 19 25
8 10 14 18 22 25
16 21 25 26 31 35
11 13 17 21 23 29
12 17 19 25 28 33
15 16 25 29 33 35
7 10 18 21 25 26
7
11 13 15 17 24 25 28
11 14 16 18 21 24 27
13 16 19 20 22 25 28
4 7 8 9 14 16 17
1 3 5 8 11 13 16
8 10 12 13 18 20 23
16 17 20 23 26 28 30
9 11 14 16 21 22 26
3 7 8 10 11 13 16
1 4 6 8 9 11 14
8 9 11 13 16 17 18
14 16 17 18 27 28 30
6 8 10 11 16 19 20
6
3 4 8 10 11 14
10 13 14 19 22 26
10 13 16 19 23 27
6 8 10 13 14 18
16 19 22 27 28 32
14 18 19 26 27 32
11 14 17 22 24 28
3 6 8 10 14 16
8 10 12 16 17 19
8 10 12 14 20 22
14 16 20 23 24 27
3
1 2 3
3 4 5
2 3 4
2 3 4
3 4 5
8
4 6 7 8 11 13 15 17
5 7 9 11 13 14 15 17
3 6 8 10 11 12 14 15
8 11 13 15 17 19 21 23
9 12 14 16 19 21 23 25
11 13 14 16 19 21 23 24
2 3 5 7 9 11 12 14
11 15 17 20 23 24 26 29
12 15 16 17 21 23 25 26
5 8 9 10 13 14 16 18
7 8 10 12 15 16 18 20
10 14 15 18 21 23 25 27
2 4 5 6 8 9 10 11
14 17 18 20 23 25 27 29
6 10 11 12 15 16 17 20
8
3 5 7 10 13 16 18 19
10 13 14 17 21 23 27 29
10 13 16 17 18 21 26 28
5 8 10 13 14 19 21 23
19 23 25 28 30 32 33 39
11 14 19 21 23 24 28 30
12 17 22 23 25 28 29 32
16 19 20 21 24 28 30 33
17 22 27 29 32 33 36 39
15 20 24 27 29 30 32 33
13 14 15 18 23 25 29 32
7 10 12 16 19 22 24 27
8 10 12 14 15 20 23 25
18 21 23 26 28 29 32 36
3 5 8 10 11 12 15 17
2
22 222
2 22
2 22
2
6 7
3 5
5 7
4
3 7 11 15
2 6 10 14
9 10 11 12
5 6 7 8
4 8 12 16
1 5 9 13
13 14 15 16
2
3 6
3 5
6 7
10
100 113 132 179 183 197 205 232 265 275
155 172 184 243 248 276 291 315 324 334
137 146 149 218 239 254 277 287 310 322
122 137 186 205 220 232 253 287 315 318
80 102 134 140 166 183 220 239 248 249
146 170 213 245 258 275 280 322 334 364
56 80 84 97 117 132 142 149 184 202
41 63 84 125 134 153 163 186 201 213
56 87 97 137 140 154 185 205 227 245
35 53 63 87 88 113 123 146 172 187
21 38 41 56 77 100 118 137 155 162
118 123 142 200 220 222 233 253 269 280
77 88 117 161 166 173 199 220 243 258
129 155 201 227 243 265 269 310 324 345
112 116 163 185 199 205 233 277 291 315
162 187 202 248 249 299 315 318 345 364
88 105 153 154 173 197 222 254 276 299
76 101 125 137 161 179 200 218 243 248
21 35 56 76 80 88 112 122 129 146
4
2 5 7 8
5 8 9 10
7 9 13 15
5 8 10 11
6 10 13 16
8 10 16 17
9 11 15 17
5
2 4 6 9 10
4 6 9 12 15
2 4 7 9 10
7 10 15 18 20
1 2 4 6 7
7 9 12 15 18
6 9 12 15 16
1 2 4 7 9
4 7 9 12 14
4
11 15 17 21
5 6 8 9
6 11 15 16
10 11 15 16
13 16 19 23
9 16 21 23
5 10 11 13
10
16 18 21 23 28 30 33 36 38 39
12 15 16 18 21 22 25 28 29 31
3 6 9 12 13 16 19 21 22 25
21 23 26 28 34 35 39 41 42 47
9 12 14 17 18 20 21 24 25 26
12 15 18 21 25 28 31 34 37 39
16 20 25 29 32 38 41 42 47 48
13 17 20 22 25 28 30 31 32 33
14 18 21 25 30 33 36 39 42 45
6 7 12 15 17 18 22 23 24 26
6 7 12 13 15 16 18 19 20 22
25 26 30 32 39 40 45 46 48 49
19 22 24 27 31 33 36 38 41 44
9 12 14 16 20 21 24 26 28 30
10 13 17 18 22 23 27 28 29 32
15 19 24 28 31 36 38 41 45 46
17 22 26 31 33 39 44 47 48 49
3 6 9 10 12 13 14 15 16 17
22 24 28 29 37 38 42 45 47 48
7
1 8 15 22 29 36 43
3 10 17 24 31 38 45
29 30 31 32 33 34 35
43 44 45 46 47 48 49
6 13 20 27 34 41 48
22 23 24 25 26 27 28
36 37 38 39 40 41 42
15 16 17 18 19 20 21
5 12 19 26 33 40 47
8 9 10 11 12 13 14
2 9 16 23 30 37 44
1 2 3 4 5 6 7
4 11 18 25 32 39 46
10
8 16 23 29 34 38 41 43 44 61
9 17 24 30 35 39 42 44 45 63
3 11 18 19 20 21 22 23 24 50
9 17 24 30 35 39 42 44 45 62
7 15 22 28 33 37 40 41 42 58
1 2 3 4 5 6 7 8 9 47
2 10 11 12 13 14 15 16 17 48
4 12 19 25 26 27 28 29 30 53
8 16 23 29 34 38 41 43 44 60
7 15 22 28 33 37 40 41 42 59
3 11 18 19 20 21 22 23 24 51
5 13 20 26 31 32 33 34 35 55
2 10 11 12 13 14 15 16 17 49
46 48 50 52 55 57 59 60 62 64
5 13 20 26 31 32 33 34 35 54
6 14 21 27 32 36 37 38 39 57
47 49 51 53 54 56 58 61 63 64
1 2 3 4 5 6 7 8 9 46
6 14 21 27 32 36 37 38 39 56
10
11 13 16 17 19 21 23 25 27 28
4 5 6 9 10 12 13 14 16 17
13 17 20 22 24 26 27 28 29 31
5 6 8 11 13 15 16 18 19 21
10 12 14 15 18 20 21 23 26 27
2 4 5 7 9 10 11 12 14 16
12 15 18 19 21 23 24 26 28 30
15 18 21 24 25 27 28 29 30 32
4 5 6 8 10 12 13 15 17 18
16 17 21 23 25 27 28 30 31 32
8 10 12 13 16 18 20 22 24 25
9 10 13 14 16 18 19 21 24 25
12 14 18 19 22 23 25 26 28 29
14 16 19 21 24 26 27 28 29 30
10 12 15 16 18 20 21 23 26 27
7 9 11 12 13 15 17 19 22 24
2 4 5 6 8 10 11 12 13 15
11 13 16 18 20 21 23 24 27 28
6 8 10 12 14 16 18 19 21 23
4
4 7 9 10
2 3 4 5
3 5 7 8
2 3 4 5
5 9 10 12
5 8 10 12
4 7 9 10
2
4 8
2 4
2 6
7
4 5 6 7 8 9 10
5 6 7 8 9 10 11
1 2 3 4 5 6 7
5 6 7 8 9 10 11
3 4 5 6 7 8 9
7 8 9 10 11 12 13
1 2 3 4 5 6 7
2 3 4 5 6 7 8
3 4 5 6 7 8 9
6 7 8 9 10 11 12
4 5 6 7 8 9 10
2 3 4 5 6 7 8
7 8 9 10 11 12 13
4
7 10 11 13
3 5 6 12
2 4 5 10
3 5 6 11
1 2 3 7
8 9 12 13
1 2 3 8
6
2 3 4 5 6 8
5 7 8 11 13 15
6 11 13 15 17 19
3 5 7 9 10 12
4 7 8 11 12 14
6 9 11 12 15 17
5 9 11 12 14 16
7 10 12 14 17 19
2 4 5 6 7 9
9 12 14 16 19 21
4 5 7 9 11 12
7
4 5 8 10 12 14 16
6 7 10 11 14 16 18
11 12 16 18 19 21 22
2 4 6 7 9 11 12
8 9 13 16 18 19 21
1 2 4 5 6 8 10
4 6 8 10 12 13 15
3 4 5 6 7 9 11
10 11 15 18 19 20 22
6 7 12 14 15 18 19
9 11 14 16 18 19 20
7 9 12 14 15 18 19
5 6 10 11 14 16 18
10
4 7 12 13 15 19 20 22 23 27
19 26 30 34 36 41 46 48 49 55
21 23 26 34 41 48 53 58 63 68
19 21 25 32 38 46 47 53 58 60
12 16 21 26 34 36 41 44 50 55
12 16 17 19 21 23 25 26 31 33
22 30 39 41 44 49 53 58 62 67
15 22 26 29 34 37 38 41 46 50
5 8 16 18 22 26 27 30 33 38
27 38 44 47 55 56 60 68 70 71
13 18 19 22 26 30 32 34 36 41
23 33 40 46 50 54 58 63 66 70
7 8 11 13 16 17 21 23 24 30
8 13 19 22 29 34 35 41 46 47
20 27 34 35 41 44 47 53 57 62
23 24 31 36 46 49 57 62 66 70
6 11 17 19 26 30 34 39 40 44
15 17 23 30 37 41 44 49 54 56
4 5 6 8 12 15 19 21 23 26
8
2 9 14 15 20 25 27 32
15 22 26 29 31 34 39 42
1 4 6 7 12 17 22 23
23 32 37 38 41 42 48 51
4 9 13 16 20 22 27 30
12 20 23 27 28 31 36 41
11 20 24 25 28 33 37 41
1 2 7 10 11 15 20 24
20 27 30 31 36 37 43 48
24 30 31 33 41 46 50 51
17 25 30 31 33 34 37 46
6 14 17 21 24 26 30 31
10 16 21 24 27 31 33 38
7 15 20 24 25 29 31 33
22 27 31 33 37 39 43 50
5
8 10 11 13 15
2 3 4 5 7
4 7 8 9 11
2 3 4 6 8
3 5 6 7 9
4 6 8 10 11
7 9 11 12 15
5 7 9 11 13
3 5 7 8 10
3
3 4 8
3 5 7
7 9 12
8 10 12
5 8 10
7
25 48 55 77 87 98 122
50 59 69 92 104 128 147
48 59 92 114 135 137 147
77 92 139 153 174 198 201
92 114 141 153 181 189 199
55 69 117 141 163 186 193
130 137 186 198 208 219 240
122 147 178 199 222 240 262
116 135 163 174 195 208 222
87 104 161 181 195 208 223
69 92 117 139 161 172 178
98 128 172 189 208 219 243
25 50 69 92 116 130 136
8
8 9 11 13 14 17 18 19
12 14 16 18 20 21 23 26
4 6 7 9 11 13 15 17
2 4 6 8 9 11 12 13
12 15 16 18 20 22 23 25
7 8 11 13 15 16 18 20
4 6 7 8 10 12 14 16
11 13 15 16 19 20 21 22
2 4 5 7 8 10 12 13
13 16 18 19 21 22 25 28
5 7 9 11 13 15 16 19
6 7 9 11 13 15 16 18
10 12 15 17 19 20 22 24
8 10 13 14 17 19 20 22
13 17 19 20 22 24 26 28
7
5 7 8 11 13 14 15
10 12 15 17 18 21 22
2 3 5 7 8 9 11
3 5 6 9 11 12 13
3 5 7 9 11 12 13
11 13 15 18 21 22 24
5 6 8 10 13 15 16
12 13 16 19 20 23 24
7 9 10 12 15 16 18
9 12 14 16 19 21 23
9 11 13 14 17 19 21
2 3 5 7 9 10 12
8 11 13 15 17 18 20
3
7 9 13
4 7 9
4 7 8
8 13 14
9 12 14
4
8 9 12 13
7 9 11 13
4 5 7 9
2 4 5 7
2 4 6 8
4 5 8 9
5 7 10 12
2
6 8
4 8
2 4
7
6 11 15 18 20 21 33
1 2 3 4 5 6 22
2 7 8 9 10 11 24
5 10 14 17 19 20 31
3 8 12 13 14 15 27
5 10 14 17 19 20 30
23 25 27 29 30 32 34
4 9 13 16 17 18 29
22 24 26 28 31 33 34
2 7 8 9 10 11 25
6 11 15 18 20 21 32
3 8 12 13 14 15 26
1 2 3 4 5 6 23
3
3 4 5
1 2 3
2 3 4
3 4 5
1 2 3
2
2 4
6 8
2 6
9
18 32 36 40 45 50 52 53 58
26 38 42 45 57 62 67 72 73
20 24 32 38 42 52 53 62 67
7 11 12 15 18 19 24 25 28
17 27 28 30 34 40 42 47 51
12 15 21 29 30 40 41 44 45
22 25 33 43 47 53 54 65 72
16 19 27 35 40 50 51 58 62
2 7 12 13 17 18 21 25 26
25 37 38 44 54 58 62 65 70
6 11 17 22 27 32 34 37 38
14 18 25 32 34 45 50 54 57
23 28 38 48 51 58 60 70 73
21 34 37 41 50 51 53 54 60
12 17 19 21 25 27 32 33 38
13 22 26 29 32 35 38 43 48
7 12 19 26 28 36 37 38 42
4
4 5 6 7
1 2 3 4
2 3 4 5
4 5 6 7
1 2 3 4
2 3 4 5
3 4 5 6
9
4 5 8 10 12 14 15 16 18
6 8 10 11 13 14 16 18 19
13 14 16 18 21 22 25 26 28
11 15 16 20 22 24 25 26 28
6 8 10 12 14 15 16 18 20
10 14 15 18 20 21 22 24 26
2 4 6 7 8 10 11 13 15
11 13 14 15 20 21 24 25 27
7 10 12 13 14 15 18 20 21
8 9 11 13 16 18 20 21 23
8 12 14 16 18 20 21 22 24
10 11 13 14 18 20 22 24 26
4 5 8 9 11 13 14 16 18
15 18 20 23 26 27 28 29 31
14 16 18 20 22 24 26 28 29
16 18 19 21 24 26 28 29 31
2 4 6 8 10 11 13 14 16
3
7 8 11
7 10 11
3 6 8
3 6 10
2 3 7
10
91 92 93 94 95 96 97 98 99 100
8 18 28 38 48 58 68 78 88 98
3 13 23 33 43 53 63 73 83 93
5 15 25 35 45 55 65 75 85 95
41 42 43 44 45 46 47 48 49 50
11 12 13 14 15 16 17 18 19 20
31 32 33 34 35 36 37 38 39 40
4 14 24 34 44 54 64 74 84 94
81 82 83 84 85 86 87 88 89 90
2 12 22 32 42 52 62 72 82 92
6 16 26 36 46 56 66 76 86 96
10 20 30 40 50 60 70 80 90 100
1 2 3 4 5 6 7 8 9 10
7 17 27 37 47 57 67 77 87 97
21 22 23 24 25 26 27 28 29 30
51 52 53 54 55 56 57 58 59 60
9 19 29 39 49 59 69 79 89 99
1 11 21 31 41 51 61 71 81 91
61 62 63 64 65 66 67 68 69 70
10
8 9 10 11 12 13 14 15 16 17
8 9 10 11 12 13 14 15 16 17
9 10 11 12 13 14 15 16 17 18
6 7 8 9 10 11 12 13 14 15
3 4 5 6 7 8 9 10 11 12
2 3 4 5 6 7 8 9 10 11
10 11 12 13 14 15 16 17 18 19
7 8 9 10 11 12 13 14 15 16
4 5 6 7 8 9 10 11 12 13
9 10 11 12 13 14 15 16 17 18
10 11 12 13 14 15 16 17 18 19
3 4 5 6 7 8 9 10 11 12
5 6 7 8 9 10 11 12 13 14
7 8 9 10 11 12 13 14 15 16
5 6 7 8 9 10 11 12 13 14
1 2 3 4 5 6 7 8 9 10
6 7 8 9 10 11 12 13 14 15
2 3 4 5 6 7 8 9 10 11
1 2 3 4 5 6 7 8 9 10
4
1 11 22 37
22 42 63 69
1 10 20 30
30 66 69 87
10 34 42 49
11 34 43 66
37 49 76 87
2
22 222
2 22
22 222
2
6 8
2 6
4 8
10
18 21 24 25 30 34 37 39 42 44
2 4 6 9 10 12 13 15 18 21
13 18 20 23 24 28 30 32 36 39
14 15 20 23 26 29 30 34 37 40
20 21 26 27 32 36 39 41 44 47
2 4 5 8 10 12 14 16 17 20
5 7 8 13 16 19 20 21 24 27
10 14 16 17 18 25 26 29 31 32
21 23 27 30 31 37 40 43 46 47
15 19 21 24 27 31 34 37 40 41
10 12 16 17 18 22 24 27 30 31
16 18 22 24 29 30 32 37 39 43
8 11 14 15 17 21 23 24 25 30
12 13 19 22 25 26 28 31 34 37
4 6 7 11 12 13 15 18 20 21
12 15 19 21 22 26 29 30 33 36
6 7 8 14 16 19 20 22 24 26
4 6 7 12 14 15 18 19 21 23
9 12 13 15 17 22 23 24 25 27
4
2 3 4 5
5 11 13 17
8 13 16 17
3 7 10 13
2 4 7 8
7 10 12 13
4 7 9 11
3
3 4 5
1 2 3
2 3 4
2 3 4
1 2 3
