0
1
2
3
4
5
6
7
8
9
10
11
12
13
14
15
16
17
18
19
20
1597
1597
558471298
782621653
337544722
671894161
302504359
85773093
138233074
741501301
84747697
544688617
406290061
566286841
878730865
418110433
89057593
914115385
712366825
536085919
702276469
374371405
496803189
539826041
277809505
93381445
266749681
160116840
524861904
48309199
117911113
622019944
423241183
462861727
798360805
173863690
705649153
216690631
369707521
490958736
666086617
28696465
778649509
231390193
637050685
565582441
492976225
687165987
568018105
174379184
550551936
156327325
365183872
122150185
691836049
276450409
579251746
204812386
902221945
547172263
314234120
198043323
626126122
806865697
36653677
346563277
810848143
386595061
623087317
292596097
595248337
70771249
502091605
556129899
335292121
698679925
701815609
575298634
137743477
33030075
72580045
59566759
560109370
581644309
771974616
604933447
608673367
781788127
601149704
738545833
930966583
397439567
891137287
681118777
678636733
397197013
186690265
221801653
787101175
524792029
201088441
611342113
788174881
498141496
160987957
454272385
354509605
574760640
278816617
697508677
183875485
139588714
868019173
40521577
112884445
622214109
729942409
90279487
326970647
746241106
471842136
471664357
527044753
240357913
843452293
306225109
539684842
852293626
902203225
706278793
36377869
583847815
866508589
295006269
840384277
422802288
562246933
168514633
590664841
836799640
58392985
865525409
651525610
539038440
526592743
21747479
120674503
510268249
345905041
801188935
880786921
173323865
861119377
2137357
205848027
879508735
758727943
707159890
380956759
860772157
505009201
316016455
411416695
656924125
533268529
459487081
819387267
905336209
600960394
30425691
225470689
702416857
631156009
824174629
114510553
221813737
619492903
252756493
928638553
263924569
369246649
247669024
786649969
300029449
12649177
611830803
254511853
835888357
559376104
404243800
222415729
308776729
467230738
330732247
708819613
440723791
398615098
366387253
354958765
551202367
380767177
438326029
73838461
343406101
50420761
493349713
708219169
802994530
238236097
124350784
449834593
585764767
399004321
209684701
744948649
682986147
914707789
273055645
11639471
593499349
178288765
419793505
39214513
341369421
629475536
868681237
917468551
398857186
247530505
11329369
83700607
73063921
722261067
915466573
504809968
112676221
642974592
628343458
818893321
216994557
6604333
801556153
200780096
840152365
363338545
842138557
349727794
918930649
761922073
640484931
132095664
767318421
836910901
86629765
794665104
906520225
934117345
208796869
169763833
52034698
873040033
572040808
289851313
92384053
162294205
691988233
408465097
845011357
633650161
751751273
452885818
683257801
898029457
119589562
418815387
504453223
844324159
155122969
916352461
132551029
832901821
754593133
185324296
588780505
217466569
188526793
25017983
27327693
545421128
613497847
71942287
96464389
443994073
725752136
257080320
428882119
446647591
354210145
109585601
291461821
222409608
741384747
49683457
268381345
706280869
732006553
361786552
557187697
19527793
885785761
606734857
371275009
69486624
597424333
340254957
542605714
898425637
738544323
11749416
839480617
364342537
10627474
409865781
722055082
178954906
20818117
353661075
720898207
899308957
568259161
583400571
689325117
526230199
603357175
152938333
56254141
934505749
559463065
785051545
757308072
141811909
170253757
771154177
490810426
602227081
529876567
85167298
708482809
647113687
902092810
86435881
495113617
917511889
177696325
129108889
902469073
107342074
181044589
341197897
502017576
853971181
370943139
118085677
627194749
291931021
281648393
236302165
760017025
89690617
118413673
318388621
13500937
339505711
419158933
715294009
738610057
379706881
194368465
658926133
924252121
341669797
785754289
788399547
871191946
682523585
4850077
114849175
552930535
140091505
893667865
189919393
578377033
864004441
465750589
552775657
577382283
423032880
154843141
383968021
110055850
904486669
496745257
269152528
926147938
52549221
7804285
450501085
814951177
697402993
433558333
672471151
876166824
235121281
12784201
673261135
15909265
461586529
382405327
279461749
287431669
606481897
378538681
435681829
38619025
469509409
378172677
883274413
527907017
608413858
9831368
536588456
283656049
411850491
352553113
172511581
839357797
89020165
83190898
361071193
856390159
692277121
199246321
429360781
677662519
439145017
681655801
271514866
329287609
347675365
551480821
102402024
691681225
501226153
175896937
8566975
238026985
904613449
554967096
504163609
285465517
673616648
584978617
758819568
588646945
125238439
911966653
136411897
367580185
865854865
159179281
615154231
22053368
710473873
712443432
395550205
566560801
899934217
44792023
285264888
918097991
477280153
322854241
141803953
68906170
62979127
113092858
307071721
357551377
654635881
591402193
441201649
488789101
494942279
217847215
685763112
803675725
857022169
724194511
97168297
787038151
432938896
279961105
761860666
564482335
445004737
93380770
339357751
170305231
716399722
411916513
94644457
743087098
262718115
720888597
341630677
153126493
628361125
81967549
130742637
386676997
161793073
440627305
532691749
319548607
766810720
570164785
843748381
441182170
81451177
925106545
842057997
16349341
319108114
785890537
190537693
830762509
57219577
132058525
606913321
802585584
57435781
442345021
421717642
939623303
632003167
677217800
589348849
534133189
677586001
81877453
677067769
91944949
513634057
104301013
342746809
237884113
923607625
816392377
6389815
24249464
510372264
352535305
121154281
604388305
738252241
152567389
901235353
764040730
181965373
849456769
843074581
590585101
703984333
10899745
238705784
694119265
659738665
197061333
209454409
875506162
906793441
540952189
241920901
211775569
592570488
159048901
796105920
841330105
870908677
35819629
8493655
321847345
142264967
120737643
937432933
337819378
193175048
136930597
828566544
832028098
572899897
44218288
838125913
863940514
774275640
330103945
82174873
498612265
424806241
560845153
679422145
247272847
24543829
380903520
265191337
42831157
531368293
321372363
72474199
402957959
36038725
448329253
211282984
463954525
433336909
121770637
398975434
356379541
55971937
493337008
225183271
538642057
69493594
646992865
450001317
914450077
275576912
661577821
604622591
348214882
591374168
75667093
627297178
348977351
700571521
128297989
808713243
529943269
500619985
483860677
53087962
840404089
911047153
232384465
579169573
371178913
172552849
219546720
798190471
488475312
18500509
730762087
690287338
309154981
486185461
839872489
262051570
183156829
824515666
366448369
102463717
325996549
741362869
745178901
649672361
911130397
205172329
474460533
181995217
658331489
708608785
891055261
488505823
120802945
796346993
577193527
39083029
449371714
323474242
729135601
288773122
635208289
903516697
164018665
301564093
798728845
507284461
258925834
546526969
632375973
826773085
60254479
209181843
66209905
332708143
581949265
252219397
166003529
864267625
347403538
916532986
716034106
933566907
626684989
280672237
124205136
65150941
91011133
244286305
531749233
328866253
394713985
276348301
146918845
884245313
29635897
469241449
278256421
896858305
829843561
66386377
551482066
860769727
884069785
773519602
422369973
862832647
474113401
210321813
320857633
831153601
459534490
553666539
387607351
428474233
135470317
694370977
558537175
629892589
763057573
14452261
613519015
545886367
587099139
391611559
208836961
116792749
812950033
820446157
611819185
254341231
657186505
827040970
245261232
18342169
86110981
268681921
376038013
653304889
513072248
535235368
839734657
887252137
849520789
570396133
265694729
309110209
406832122
69591637
534868153
90897565
376946935
831691549
293875063
838716737
355653865
701841504
832953224
322402447
859591117
675402130
378546145
365058445
846233688
922610365
235127725
9281493
754029001
830334973
474786741
135149695
520280773
671598121
755793001
296761921
76644217
893715301
665202013
99640393
383860225
300609577
258809377
228444361
268598695
178776675
152159821
757172437
594934777
115385167
765431893
342876178
723625461
171155881
491674285
186905641
122574672
478786933
8731861
937720200
741136087
352481194
818469793
186917407
27212273
807581815
113720173
51933805
441453325
23053111
343584541
560155807
713619600
244490881
931722089
938596345
149500183
924369329
595571605
158612605
44931333
59523985
589190425
147080461
144525577
415867509
388888681
162783505
409167760
601411981
221342545
506087125
241495837
611480101
729230185
172838593
823757065
362538769
721507879
805629193
576597295
76112239
525719389
799478113
547112761
512787055
248632424
729930895
665479777
164384401
259262760
247960296
59210619
248682553
839225167
613079389
363473929
689118001
94951402
829652329
587440361
406691576
302397337
554477729
227901336
454234282
590360233
82599505
527100085
247832521
938060664
908946001
483213277
461082673
502289137
619966177
187821960
353062995
48559369
205057549
262632937
561700777
321629290
582184897
266838349
772613257
270425065
157023781
784746433
686165845
72634297
939162823
387250872
272800237
577341685
7833181
748972773
222236071
869440681
434749453
822497482
86546329
656220853
737901553
623537281
703553161
117890448
370519135
934444120
339269713
163830277
544032865
65930389
784236481
194129857
611851240
105929257
99201802
939049801
74127874
302537953
466565713
183238141
488502353
117601141
933660051
630329521
534496845
202655521
196880135
40003117
738769923
185382517
427328407
256224864
635698063
329942575
933346701
718491970
933628591
739956937
79400125
763490629
309333001
450551425
100845627
339665425
678475393
806714857
301864345
224578247
426392617
111104365
767643937
886848253
210215533
51699466
95349385
645409549
587297233
169251449
305412778
520570297
51860619
553533034
627173701
706630447
261887263
784913293
524764066
390007210
621403237
433112161
761732401
495951217
921833329
502316098
409436938
199512997
496043881
117840913
450313009
933915007
134341035
176762893
911204113
86082157
202720296
385379665
872972797
927855031
199018680
20901819
83530392
788256529
393080689
521612209
805187917
785008601
119437849
89584669
538030273
587107591
825886127
804797449
594380480
313566157
428261197
664253497
799378399
736013725
618297613
178489635
433920672
461457466
609836365
370822213
5682925
142603053
16508341
869730865
193948009
301541761
276748969
621128077
401361363
920271871
15610608
348536773
156181585
705049837
494444887
839696869
836816685
427126705
339991249
227911033
763830367
936628369
555530701
51198613
838079425
420366877
139107490
145435681
788941009
399727224
757584361
316543659
388786858
636640657
198625417
681190921
402359074
49300873
184695601
838998553
515863275
428924725
857155701
928788121
816131953
552205131
868466921
340241617
903889688
401944824
483425088
151607521
344873641
926793531
595641240
805287442
895769887
904317816
798525913
661408057
517061431
119398735
914724600
157095121
295883245
297173173
454986145
403204465
428256165
505762585
941089690
919725925
18265753
412028917
752377237
716921101
146724137
107039984
938244874
297877029
859749264
650398611
225832437
257988848
802935037
46414165
480004279
765307018
515710649
727193605
314155465
318811309
538192849
545189461
771437503
301606762
586523938
78425725
612353581
918427885
152685703
138211177
926789953
775741173
232092336
609562933
841138429
115182634
696301960
402300637
818970121
894235978
312136033
223750904
203569059
774004018
16769377
596254255
665770945
786253717
208839761
243654817
821422597
728962729
223860313
739242817
698430045
12798241
881365597
369306939
571112581
872466891
630767665
862963789
251873911
415752745
736505383
220341577
381491365
402359881
554974285
803293375
402524629
652942837
94745013
742388869
501628509
186495527
176101609
420736029
744985405
169163929
203075965
598854121
78600205
621280405
239509453
939526549
782585881
623649037
845931241
165404608
915880207
220629865
306448501
526434553
481653957
215037217
475599709
921867253
294450819
912945373
757804117
500597713
129980513
817235393
684560557
817349263
272833872
21940467
388134631
532528183
419054856
689518429
761761885
139152603
761967645
277717400
67756159
796594513
168040443
834806569
164280865
706372993
654326377
611425189
739575021
77841271
850192354
58195896
598465361
102608709
774511321
635350573
309802039
858027689
185263369
101553113
47502337
691473433
866205985
728704683
819152881
176658145
259096057
913412087
519327589
220341147
271598517
783016183
335227855
465227296
423319921
665491585
630222385
335140489
129593017
228154759
205944049
472367245
628508941
605307429
280874437
749605897
421022929
704470729
493003059
214584837
124217845
652215771
895154689
844124341
54394105
831132472
636391601
200248153
378005425
570505120
581013823
202402615
28711153
633370609
660241063
1302504
307559671
923102569
5960245
239881849
720748496
519057514
665504377
123158485
638770117
225917089
856095313
307888125
284564197
729069277
508567777
155651161
311080303
385137987
417748018
495422281
36511285
311251816
787058689
334890217
199857241
125789667
194028469
416994887
640043455
608563485
425029591
152856745
828494977
492739450
498116965
802066489
675098029
696808978
489467785
209947609
764039617
172097379
407817136
109675177
641449639
815532721
191722441
426332855
560467495
216584287
902251225
622413168
2836378
111689125
405981217
761334949
493168753
883241185
99102505
501373621
252939805
372086872
887732665
865401061
900305746
438816685
645617773
168801706
272678557
820550161
849984487
371703669
582995709
144448429
610172785
719591221
112243544
361362529
213730525
44705185
668207593
427646581
844284121
220908559
628468711
689680057
248500498
538384081
196612021
885631993
684377341
735170441
339610402
223811017
167338093
703604929
418389490
192148333
879666913
204832681
521681161
127979629
514269730
20226913
735372178
648132295
649095473
680960821
468644041
406833481
123046417
101856061
399568021
484538785
668909353
343279165
123715753
520576981
393250837
663215509
12049727
474749833
26091001
730706026
272544199
627454321
612116545
707605705
20804077
537268369
851716861
714999415
291609898
605838865
641507399
4991605
910212719
164487937
48168661
420338605
328451643
387269917
598093917
707245657
733716685
6069445
806836111
450841789
732015625
450359521
257867791
894179281
129174865
456004645
110049768
107449057
444016165
855861265
407061793
364689432
541106665
399196117
937353448
440975287
301457041
612303288
842536369
389475970
911362525
721927231
774554469
858766501
377819311
663113842
548960857
553835209
576482647
875833975
609094303
805526839
868536469
272544169
670703504
324831937
723660442
130909312
778698466
337606009
571356058
417612265
782435161
755628957
576441445
494927269
254188033
555808131
695408641
31332829
268771296
788428447
662028769
91092457
165331609
687390536
562702993
473684593
581038081
385291921
772214743
561661465
516980605
99297433
742047925
199470168
455531266
736256911
341353077
409385569
401982673
534275893
689027581
330134818
249153216
856408789
881770703
176417311
165003459
88343757
910773343
867869808
309254208
734286241
717266545
823565809
186990544
536507005
394802101
341132455
557204653
205026463
412335685
578333809
339373978
436146802
458269304
253299709
879705241
575762461
277572151
148429
316416985
606883057
147530521
366186085
806242009
620529889
651125353
865135129
695535157
101829418
650096338
41205757
154513033
379844065
50027809
434691889
523302637
852179432
16890433
56619649
336990589
589626027
823710343
762293041
89864425
160124161
283190809
654248629
265110097
104772481
352748304
4361713
549613501
297356317
450860473
833720329
120054243
751748746
41884831
448728421
485821669
669351850
849255805
769556146
604832163
565611007
640569613
111792795
785053609
854927809
776431033
636905593
934464565
857624041
427699592
475139881
826796047
311439061
70583677
827132281
155411797
274150657
725995213
692495545
498201445
343099793
549806557
608533141
356128989
327052413
459447145
65451001
598491025
638844337
371175481
142267111
379560313
203400865
714638263
534569917
187860853
736246909
53530659
46186489
475867677
369684385
525951034
928616221
412971967
593156413
799375465
699051517
417749129
220734385
350872873
895671109
887792074
224619829
529762249
256662757
10996669
867412801
789160399
289179699
831818089
516611215
640746913
92836705
596675233
867638616
16724437
393562417
301391917
61852669
719724325
928377757
457110967
766000237
452814061
940232545
519711621
157813381
332758179
352257771
469275025
399530719
127571146
105761437
158454298
855650041
569311237
679635217
866915713
878980597
370888687
841368505
37069258
677195917
193271744
893972737
27603553
437753576
857576424
212306593
328925377
690595189
405466801
528078169
93489349
746715904
638063245
612508690
763092205
161967792
202267837
395555077
323061049
260648149
500500437
608525425
528821959
526863025
784869487
461978005
790347553
811086973
724884339
162362593
788859672
72398269
854761725
781324513
661835122
100543561
897808621
583186693
813011311
912681817
918529753
677479738
427270336
747835993
774220985
164280277
184903616
60634621
597201853
461790457
703319929
101637037
240025525
626825389
338245441
282858553
51358711
875620056
212045205
314045449
194757103
792175837
9056386
861301690
173106565
110886305
619647709
718687177
588356863
237954601
325899613
709876635
786175897
670154005
694802473
89888794
867093655
621543937
295662658
291867693
585474841
197158273
2043361
292131658
391429714
385282225
301464673
111441119
7168393
816532509
462380071
382754445
97844605
366596569
553322281
269971897
786571384
652718545
683948671
499363213
662807209
608611225
681542355
229832533
698324053
268315775
802323031
114653787
670654213
391452985
576298009
51174034
484897093
543593869
38596779
209154073
263610745
525909265
903953269
357731713
93526369
901776448
200553601
519506281
898568503
743363005
771942592
903310855
870235405
683152933
912546120
926339504
101158303
762421993
705810760
633391083
9125401
840874237
319254216
375424035
169013833
830759448
830314909
590747338
909118471
695859
539123263
385784023
658153717
924810385
80631562
76744656
699671536
554231185
421386623
65918503
880125961
614515136
151325221
489156985
700217857
295973473
208087381
924727413
583632229
532747645
703886037
763404877
536504041
861831305
200827273
361478872
421589377
473548873
674689309
382375225
923223613
168370177
834401953
417533977
807341794
703515613
733214221
781433125
481825295
854983897
785215965
368895553
509446777
864140005
313569826
808780159
472979629
783644043
639243730
657858453
609771781
698952577
321699769
630257389
39707617
59288773
256392241
71935669
728842141
642997759
267019345
681177193
863033914
195598957
433087825
800921821
96493656
396761386
81344557
528415056
32665189
35471821
811126285
656172517
477425053
937422394
112962226
842988625
828768325
105247609
652215721
901528657
332299969
251810887
128137776
42256033
593457145
622886545
97814665
169309213
801801661
459373591
597731701
72846579
395297677
773415877
376123879
502517653
155920129
150476157
582170581
414042361
415994281
602627605
170539801
155307789
200253217
584013061
893914879
549004201
362283493
486376177
589641922
802036561
767675689
721693858
835949713
177677761
913591849
43770829
359560705
247673431
786346417
768714627
150839883
910955449
901653337
299814793
839292514
292230145
770552497
827744269
565853205
425675353
649358698
574938289
582623257
47315029
850339225
337189945
566967913
111486949
493831395
292113346
69826249
516645205
516519472
115357861
695426809
917997709
84010909
460790845
422077201
586062277
737717617
598116277
750335890
202748005
284383393
3480361
46493520
534555607
299520289
627120889
382122728
555033217
640457173
248091871
308017827
99115693
223232917
733485793
501998437
237771997
386051095
406125721
215592577
931436065
471646053
361489753
208633464
888966664
447678349
241120177
590974930
492924469
476280481
783350173
251900272
295043689
870341784
415176151
779368941
831820848
45204661
802896157
640140301
819825781
680790607
348319525
585747720
720651589
2042065
696355837
215946511
685927237
372136714
256177933
869571841
889380097
555472255
836125992
903282250
671645089
885675337
563088651
186282949
123907343
707304313
755535274
813992437
827303857
772179721
595271977
500730649
107340555
129023725
563907577
208565401
752214217
855772273
782180101
646893265
679779049
358871485
388529335
128787272
15432373
529205407
277439657
848170549
814970287
193858495
717094873
405873610
588163369
454229866
782742517
557204425
51102793
183720007
621940597
690533613
732663001
724746751
337563123
462678213
200221463
330855361
68035131
460976023
227481421
541395477
868474381
899650008
28686949
396581719
391278802
412523785
923202151
446463025
295414629
73445965
427065361
655625569
566480533
543406217
369247393
249664693
630908712
418022905
207612675
919593817
217149925
650265487
117962159
316804129
885151873
375201315
650515549
97728673
639491113
657399007
358417899
842534017
692722849
328543773
239728624
509645191
87465061
603505729
351671965
105876250
785249401
210849829
168305005
893951521
333964177
503631025
299447257
274985256
606154801
250212409
162109813
179807458
445117583
793462461
909046256
340170241
194151001
118704529
129690289
789139765
516426097
177450915
856492765
556385903
240265897
704595253
11959873
481879273
555869938
257741485
804029377
813669535
313082705
637697840
604790353
922373431
263044443
83472503
329488765
423076837
382054993
507123032
921637920
84987553
695699797
154331653
569110581
245153365
157536205
500784623
713950453
927451825
348982561
319690561
295421983
340754269
751496513
196059328
340752864
223223832
217058509
202813753
225535495
566372209
774254911
389231362
650984233
871436449
844900978
822921757
529326913
273299369
486058873
369924385
271915177
63038389
220290511
768016573
438831349
59642113
897103657
591807949
367071973
5904553
636865033
842231749
227647162
340752693
906364522
311410237
938792425
248872465
311117197
809884297
234594723
509411929
11501425
622020168
301647241
885962089
840321529
157024899
138515437
241600705
196162861
395529967
447263427
835515175
592918597
864349801
163180447
480675577
392860447
842191039
529386781
431147161
893991021
169349233
513189433
148875610
150591397
447558075
891115993
903455331
470787058
768774085
744661087
124356097
357494149
67221025
730041853
300555176
457494661
661291618
867195408
104885773
469948705
810047161
556659865
715745449
389541658
193341637
907476877
260756249
770531503
540064681
524811027
591234151
505495849
460861825
279004417
137407057
918735401
887313752
328091125
739011817
24462001
112478935
825161377
888135000
33199777
444195757
778087207
719929585
459558957
624601639
568533577
423854263
758819032
335970961
63220129
214120837
176614729
381633559
525365281
338245441
29343991
409308277
906827053
142659920
808334137
912601611
459711151
417722485
553005103
157607761
613144813
601423433
908793241
529768303
348752929
64986298
268024561
37291282
521817959
477807085
185521753
693275074
550654441
52686505
664794658
580258744
668172193
340680001
268179133
296720113
517281937
346159399
424047073
399847498
688653226
220369681
196690957
367406671
533931895
723715741
510557739
257527231
96173143
818248127
307590517
175424521
740821801
939137785
787008721
605015653
839026105
384960863
207970738
903997810
234816613
412828765
728401801
939683043
136763245
178606297
242478213
932456161
925330561
348576593
303642121
854725464
713697505
845638352
303688705
168877296
747455629
882746257
603565249
649785141
346983889
411610693
304981223
201525085
647410141
116008439
247085077
372625759
923789989
104830705
900610417
80943169
717597529
801766265
852578977
222997736
724524061
529081681
602540407
834705181
70829695
183297034
438754093
243296024
551782525
419715421
157392649
201101191
460310761
647693205
436990705
525659197
679163041
910850689
277104992
776604841
353650504
154677199
559956301
574330225
394714762
134152018
820835613
23354674
229118017
68975479
438402625
468397909
287487169
723664345
82094761
609310105
531951493
820700629
859742209
116511370
213707728
495717433
218271409
14747929
503741017
823690597
718565437
739902697
232521505
222360565
449279767
804326017
894625563
332530279
161111809
454912021
256040785
69486624
311881297
225873601
820776178
739786945
99287305
829539337
99545941
247864573
2865483
596125327
112189585
427161385
478975297
785568573
283380193
502015405
448807293
467012242
296161009
171048493
833335465
886026481
822697897
328963477
241142905
737667034
829180611
463248352
562990273
274221865
394250665
178564543
869572573
291832880
529670581
764505997
136883677
121088578
292693393
362826073
712510681
761447077
769913301
325637543
577077769
377174497
367562365
815340697
613070602
577524128
433832173
699903867
324870257
603298059
276237001
543563233
419638786
666653905
124151128
301068457
98210965
385221799
126709609
156228613
897753397
309943837
737646103
476342983
148058232
546833197
403672261
259741533
744286837
214123705
425335717
235978393
85346389
207588109
454793041
206167159
272431921
369864757
76702069
329162848
727682977
346572097
99056023
68826655
306744361
823702321
746804336
651729949
120327193
719605849
565043088
69355573
509281735
280810869
425836549
766610209
504447579
917724961
386170354
83391121
680922658
52729522
100406353
431436205
491502601
440019289
528894913
87251737
854565223
12640759
735859057
614485561
851451874
916603441
174225829
139701853
363486241
327705097
497262675
606451443
860792857
658031945
324112933
658948633
851280885
413745504
583259431
552627704
887962441
377767417
246541762
111256496
523637941
5614597
886504645
525588466
678520237
666126877
204607272
333400933
174147793
365605345
557630773
312780031
141287365
548104207
10578048
526458109
206433243
247497121
856479421
781337575
265792033
647293951
406242445
351983965
488166697
197075904
538028197
733912621
891971469
100778977
771452329
746691481
816142681
656997817
573125821
188712265
626557177
297553609
116180833
793039021
641964531
588389857
11650639
148867093
762129181
422948449
851705437
571545001
201905338
903229753
503425101
4377274
885948949
793770775
669811657
632372521
810631341
67403935
135551833
48647269
402647955
137369149
343056937
95422309
168869050
70599217
236429245
535090633
149666413
56031145
280939177
541980477
507563425
194755653
618801565
330513289
450123289
525112275
773496025
812611825
159141289
113671585
223468441
274554181
3901357
758834089
412795189
915666409
752737981
824821152
199417213
595842001
47934301
884760165
625083943
357491665
905298888
38771770
357390733
247314497
465547057
732059739
572734921
157107601
291128513
347604837
458456545
614758664
69851881
874508389
142427743
886723001
44601253
389646505
912983365
370835281
935662489
574715853
590202325
81200185
329935549
504434089
307938853
580729417
128556322
182071513
879216817
403441033
513698053
676155277
202239679
921977551
776024833
532359553
441377719
187369441
290639029
771759145
69188290
215755561
137502487
721291376
256816279
552909219
601252159
712914229
590830729
287554618
738668904
577790101
573447545
188128693
515367802
520289869
300207337
107794453
732467770
105212305
175147729
712054591
338654979
398795905
705596497
798094183
279225874
513059737
599647409
637993549
612260329
370252465
692617513
55062202
268103077
865651801
835902816
637502029
416922117
27179829
131663701
663016965
71982013
74016145
88511821
58396585
864415417
939219151
940200457
217511619
907380501
477565464
875593090
845254441
320997312
732410146
165157192
732663634
587222221
579254233
179250848
674605801
146956993
87518263
255601897
278316709
149862649
859988137
833266201
32219569
747032281
399568021
184853089
618062677
504085971
459013269
162357703
12630771
359762941
149720257
837594061
813975409
559491895
567404677
619632274
765644053
918817
721516255
121918009
672232488
383535361
242824921
207808461
853374949
852215749
270930837
417200667
733686049
725854897
762989149
208283733
757706040
404142415
791676727
812000983
304408352
383931757
885972313
105784681
119442961
42328855
172189129
566939881
566216208
739004833
539385205
29989513
789765171
342514199
523343911
749566189
530490493
933233473
544791987
510034981
714899557
524623393
111137713
346479435
744248893
533630761
831035437
78818689
508391623
580061041
895036688
39614185
491402314
174654157
786384936
702959842
296771161
503451073
382905424
283165090
115870441
191528767
586109449
493826269
316592905
569955672
274308793
371804233
342184064
163044253
94496312
837200989
211000327
113022658
672610210
537811597
607324609
315243408
243458569
695812393
765966058
805245241
304620784
126031279
179159914
638951953
382841941
878537245
902090425
733980079
701233681
489953482
699422329
589133496
277319119
37816975
184291417
159209773
365676243
779448226
636417579
479562304
829117261
341488272
324431377
469641154
874504717
646813947
814647601
22895221
131353687
484379113
179128717
91258933
868676783
495524329
187519077
33821065
52428649
661036501
147131377
541366837
250107161
725291149
684013563
232136757
835466845
888275591
482576209
161506825
859262067
301900568
587743304
906414829
765992616
758238970
217826713
765414925
80065465
329294002
87402037
334461504
557843749
838449061
171919762
761705101
637310440
745702501
451486680
272144221
831700849
326745289
188210101
491618005
191417533
678649642
874375117
104711101
169158703
841543981
149031637
724800505
43839589
249701737
250597851
155604920
49625857
544683709
342291981
301057327
860357759
782306905
611835121
260973817
872280261
837632770
279766069
431800705
289524649
276379687
885837805
812678677
513115657
95324089
854894893
276610033
375486675
487946821
429682969
466268647
621975349
821023177
783645433
142536529
811053817
43027525
646565975
695881927
606403825
147054685
338980200
830881933
420835570
606891961
920812231
407878561
514576639
376525152
712033725
117850042
509766145
133089322
125943817
210988053
933066805
617659227
184345673
339676741
769647877
754044487
45002983
11927643
87809353
759783415
823960176
877148977
480003449
139428861
185003677
108102673
739363897
545114617
619724715
766591873
217789179
668581714
828839461
57955042
551263357
845275913
41703793
597344647
177669253
634057666
781018993
159447133
907442245
828664705
345472321
489150589
549808441
565498981
286352353
931678057
269340265
438874285
44149789
939502520
903840289
442977865
588713425
884256985
340937917
216346249
556753777
634586664
698490229
257429485
317683465
616082221
885246217
596593882
690024853
587160517
23092295
10184101
888548149
69649957
390647384
702067618
728897720
170127673
326095066
821591785
668500273
709439365
777017643
71888929
221015185
260765311
80245933
2183455
522337993
813446665
851914105
562045921
147002115
292320781
409386973
477156493
533985169
212593009
153215353
181046425
341078281
807125410
804767235
72784179
423077541
96037657
395688658
414902593
225996672
96361741
900843946
742893685
43696801
892149565
349325170
185113729
208353343
367718389
835948537
215765005
635251417
354223429
794260561
111843703
286408279
220989949
662280757
731428489
443230871
317670343
659195551
42444826
60269743
274671353
463406191
490629277
223944839
72545369
585501541
816225847
65823181
919242457
281709709
97252345
580937089
923711400
511537834
214838911
606943813
211145797
491214277
485823079
565612945
592382857
144887521
819448162
671988097
384528383
895735906
71509309
223215409
776947951
768682875
153788653
614199521
378134160
739759344
303759130
764107227
888777841
71594953
803386351
276240913
677561989
623074882
428165821
574191799
446557439
128918065
516959949
857278330
215534787
835186981
216345337
201289999
257821489
225375457
34116160
334115809
336621871
633533953
36072271
838200769
181938193
475779517
211722850
521460241
68565511
168087137
858483889
436772497
507770071
562083829
194224597
567558682
778196317
19033873
629018506
56442217
612766855
250069405
916747741
612496165
848995717
735837376
414417505
372308431
88082506
253804489
363653224
900582106
230572597
354011791
192807181
916615354
352192417
166975879
249911761
591881681
384861961
795856501
936146576
461702281
308952553
840906145
925887625
145679455
163664629
746553145
529362205
650236369
766788411
65922477
228152293
780644617
231630706
667075417
632714159
571223557
443154205
862307225
931451617
654550183
401944101
454517305
156113569
849615313
577139317
19797961
654940333
494246449
224679265
128604895
738259681
356163730
145868449
678725341
173171064
15034969
88738954
464189869
216519265
45777367
256156029
555662965
514308795
905033576
432750603
609438961
773697397
555636121
932919781
642307849
856592101
447161833
612154765
767068201
521579449
75702433
1450717
224186581
24097825
236826682
43887193
626848585
221817649
750303877
759013
552502717
105775834
859782535
708123850
652757235
803537821
887453815
463738237
454949353
10879961
159648517
766883521
880813825
148428337
364400595
883110925
919146409
697720375
429140208
3917194
37579465
108850721
264868295
869584611
821455513
333214231
258334393
420535237
758954581
410576353
781504417
177015381
335665117
349203385
102449997
310147057
395215265
827641465
496632048
121656679
375408457
439565869
209154037
647328541
930559583
795739875
425648257
324159025
82994917
197910961
414064145
885478945
55960165
169332272
417935584
231914359
236660533
777787609
684691177
298607041
795328513
658181839
387851472
58825317
610753021
702518857
623158197
343422769
103082424
312204217
129239695
350165197
276038137
802177869
566143369
22652917
612866192
89660095
740327053
414983624
237304189
592131490
731105362
891930289
715791973
320770546
132883441
222198361
771347305
295283809
864656365
421046205
126937591
718417909
148051450
283942465
533742535
714613849
876342871
882000241
378337855
367561441
790722109
472575769
53697097
434977296
142033921
43075817
452036311
247774441
610332841
813569521
617885713
176843303
346529893
724143925
109131469
702759551
314269177
802984645
457788241
862265715
612296641
877677829
174928729
766640763
214978921
33378233
670418489
782923632
216744685
585392569
695566611
74196757
548715649
838375227
344994034
281122213
165212281
735408253
885473839
56355661
363914447
691554863
643689733
464891461
525267913
145885069
392191597
346430677
537019621
521554528
471642481
747140064
180025729
745656829
222596317
782665664
416936125
906299043
727319269
851640621
251098849
261008605
471290377
894119305
281378209
582861943
435226701
310475521
62083585
243331855
169059925
883425421
445264729
401243259
940853137
350388089
133382041
752762401
539039905
350418536
322813145
700099717
610328161
530032753
6637561
283865041
478426837
921509194
74384965
529802281
150250659
742608157
206082603
520597275
560570737
855314962
13747592
635672569
555644893
159759361
456689401
101546593
79410577
532320248
215315170
648550954
589539634
668737993
566897677
335267281
878123883
170590597
372957385
888966025
316672465
113262241
292599008
837718155
678531048
20613373
143073213
310781602
110299896
467000665
116808349
941134345
71317680
871892113
637575271
736753009
820824560
298733280
547605082
187802077
49729009
825775561
427714201
623778517
920311546
417993367
653190325
490539193
43416802
270250882
241507186
242259967
282403213
724006489
881724793
496907377
488671834
762167281
74839633
838091866
299375842
715006105
912160930
59291266
107482114
606350581
223427869
773605690
391023391
233315256
38673361
891575170
9845833
276111745
778919497
472358041
105210144
246540817
684432565
758954581
282468373
110910853
768585793
527109133
431474005
367908949
876695581
464417983
612712693
508000663
802281745
216555535
185415361
221054859
582203269
239608489
119351578
783981799
514303400
830480617
376852607
873842737
558884677
8566813
803537821
793277945
86281081
117532063
482626561
210836605
285548869
522418141
695247961
690036049
811409209
710887762
592639237
552741361
280675681
550078594
156648367
526397353
306044194
839835121
237378193
185732568
466605277
52499528
429673127
300450970
69284657
856120546
581056321
607272697
443945113
535430818
930302677
95362801
628161274
323192293
623345653
899985205
41457466
394599301
831361441
593219407
815563345
282095840
804835725
380707079
234163072
201846133
402971815
348410633
349149
313812793
818532819
858187897
202360912
673911913
824689663
303622402
21729241
217992319
168115033
278116201
146676895
917189473
40822153
98839093
142704925
686102061
475315729
461199695
129622039
875765449
846244823
178464025
756661529
367754283
115635625
793834309
190625448
314516293
623264305
658441677
685741615
20307997
647539381
217973816
452205733
511135249
513129137
744730813
761795770
184663519
343057831
518172481
624195229
114867922
124978945
632391226
547154245
597135865
835758433
873057145
283117645
613303519
156921946
457430173
600420010
459431869
597843553
657308197
102786841
243456829
680928373
509958613
339891865
316168423
184865305
889433688
247216423
859872289
746405005
341154346
546541440
487769233
466106269
199792321
361744057
884579671
743238679
595287939
928687189
515033805
893758789
916967869
749443657
864784237
387590221
555812437
812961001
167382696
336030865
731279437
512643793
592090045
52457497
129660133
473681437
176272225
490233562
264967282
551420521
125559147
511426365
935120473
805169665
286460305
649968073
209614114
93154855
584042434
157056697
670990477
123372241
723945656
489906027
594981322
160342369
654733639
506185705
655239625
799579968
50570125
213610477
724068385
554974285
895231511
208155891
52081018
425063770
674973577
782550055
130597392
720661993
317426695
761147629
32682703
30764053
386650081
845802781
283656049
350418781
329035042
679804975
52348971
425407008
400898551
157163360
697063921
760956685
823749733
4023973
667569319
475756059
281301145
390728533
402047023
885457705
331860073
437882557
254632105
772854241
579571825
106921543
753206557
863591461
54761653
113504095
656017669
172963921
446186962
81731125
376987393
841523737
278959429
915980437
362499613
877061401
60181083
132504165
435200917
852980305
164865817
650779535
832158288
146781751
451877413
492865501
568950325
501944808
640339513
759159634
938244072
636319741
65144626
191703171
137078191
5782330
896011609
465909361
264646903
804128713
124425405
409063189
112611473
390180637
14490913
141472573
879117481
233699608
732540600
658471657
343406257
868424929
821022813
369997989
514775184
192517729
311963725
424015513
636805105
431119729
373277554
515476832
268038301
734210903
221349373
776209777
399580039
808335445
333285095
715051897
758975761
280815367
31159513
367011085
520341487
179422153
796105159
690162121
792374245
240847693
93650578
761080345
585116264
155763169
390221853
152845207
594337453
886331473
39239533
41154490
609303157
902967505
143673473
710671585
607822293
79432313
373614301
85711197
85583314
716440464
708879445
863013061
920692837
215239491
29110303
650709747
496463473
46980361
422203288
648317253
930558637
696688429
877603873
413763649
83746885
108102696
620782895
831560209
876039322
858103426
223143061
811161313
812180221
224901061
364199503
493249609
715196701
386614951
853003045
145605481
465354919
217774101
144593821
716868073
131276377
922119229
232908001
202122575
313877377
584377789
886090057
757242793
339346605
850985149
709875421
618097501
60728383
171944866
266432281
575629057
17365616
294946417
787950361
255760981
469886017
648304306
645337081
860689549
455768269
532249849
275093365
638782927
836311009
507895453
35602087
775662217
219000457
468072943
360774640
312806170
744917064
66804793
374866544
547762930
506375689
538164781
138171541
54036939
110679915
277703629
428616109
574473562
803584899
255905557
292608061
757665559
333535801
206679397
569653921
197065471
607328983
554861761
297896715
664282237
169976872
741862909
567383545
303220697
637118857
63258079
499073353
887240401
565488841
578184385
595954009
543487409
476194681
273896325
57755881
787306827
252209112
233488280
320647369
119607813
110226985
343027069
335223195
602436034
52540618
727567173
353576101
724561969
353377063
131403169
216261121
410333053
222749125
494495431
176574217
750037858
178828105
833116357
684615049
670460133
374590177
196903018
707233201
721348225
608882689
580450705
918994385
925415785
434088433
770000023
439404233
171837082
702462106
734517277
532166521
748355626
683738557
819599578
19262593
673006543
631972525
938415853
182377533
264994677
475702057
534614497
135824437
456419328
801999625
874132429
812304709
139441197
325828659
624845473
285567394
127573447
70735471
241072333
697034473
668014594
676146433
481810633
852673141
338693161
580967821
282068701
611814895
727822909
241964475
467753183
661512577
698938369
466093405
194179207
366378865
189057961
453531411
172964493
388300069
526668195
220145017
22787530
27156363
307580935
560807624
772212514
257270575
806403560
631487917
222627577
481948141
603135754
162870841
230208265
185063770
159488761
68144113
160697077
429131041
324423709
193711546
448089226
658965000
890659141
737252464
217560109
542242225
557800971
347755162
237116833
297505495
493378920
662516893
401314597
509710369
177176065
370486961
202717969
546611272
911188005
172386157
719702355
923038375
708484971
426952105
902582569
712524109
338070697
925051999
445433425
211517071
894007525
133488553
647228733
837095571
503004013
499386874
7237417
145016977
396965665
935232121
485705413
57306613
674561575
48710797
593219407
318662761
146819005
89466325
570076369
825245965
800179255
128566489
930324250
254245993
97106256
354444336
861024097
646533337
724399417
109362544
399754536
850635007
206294713
532036129
239855383
213620545
533166733
295545199
21140530
410508265
866280154
297780946
94077147
140642653
413013747
17052001
456282481
895330207
741899917
398370913
409165624
215627023
63513895
527503783
526689181
906625097
336826426
870085705
404778933
425815807
451936537
197714041
390591898
925372786
919508530
788987473
517649497
573355885
28939909
271752937
124747537
392509021
679491592
712108701
241309693
568286211
130654993
473832874
487401745
358654543
29741401
629640937
149098873
466650601
674622257
364024297
387929173
504754141
526742840
534603805
803522005
355840941
680420593
537345901
532829857
829786127
153911473
66662896
70014751
216504553
903693601
404713375
754209997
667239961
592739163
571193455
305605456
888523297
742878706
426870757
422433529
450231679
602402425
457531693
858678263
878083783
312360085
444850515
656671491
339569797
317622781
543545497
261791629
66981994
910699681
745412953
502266833
862414645
620047813
745648413
511617637
823087629
834641221
930858607
288044983
410847247
696882889
659226178
147387553
606794336
155019233
198082639
393395533
503783907
409523125
842878405
903181018
166759471
379683433
656768773
211213501
833617681
698139481
15555775
685239333
598115857
245879479
569690551
270257749
10146469
563345314
463969351
519239161
242207701
885782184
590189809
929363785
846606301
370368253
476009329
626017055
518703016
608573005
186200425
281634517
626652421
604356589
673377185
226705635
616986919
920567737
47861973
71717641
824042221
153179593
860495455
757452697
306944637
256724351
464749873
24544834
685484197
236329234
933231313
667499857
120187057
891284941
428129437
908522977
529155898
896613505
572886106
138709063
139997677
777249409
732184753
495951217
472623672
127368865
124927897
868145137
458672839
661940989
705060928
253145893
701034439
189159061
383997346
25448736
556693801
514981777
267988633
170651161
663018757
118583386
561291717
389646505
51864241
646867177
345789601
407786881
129674065
329666389
82830733
612602695
424446985
790105129
591030517
197175277
760454677
881549677
507284461
120497536
623255023
766282090
721255759
471555553
42299113
911036245
511260361
827863093
207260960
817387117
41795857
805892255
25116853
177668569
10094053
820976437
551433826
797270485
579012013
653226553
629165160
334553338
88564513
645825058
358575589
239044105
531481717
833593201
427400493
171063608
732082681
309612889
919509433
53732125
388165053
266681401
905681317
433527277
262843537
435507346
287414455
133648273
172950025
308032369
917646309
661495505
97019221
872631157
632886613
333807313
189520937
392644485
591447433
550522129
670845469
389698021
744233905
95830064
885530485
208054081
597640779
513375121
692166384
629312152
110509649
28307485
689999881
863998032
141515218
299616717
521546689
25789728
361251045
621047599
530833057
637330303
285369911
842574721
867940549
574355101
377791909
919843621
863366713
735010177
716582281
89037853
793152157
896439991
363239279
605978485
672229657
731836799
118793233
155192965
455701663
715127713
32862061
254744833
842589457
867710767
928381975
539271874
184091581
765394941
767329753
708906744
795721408
181982497
605522449
255093189
139233589
782454493
340296445
723186411
659770834
68493937
521806225
356642809
595489064
78516257
296585695
90896835
350122105
565509946
777999872
417436981
273378717
618930016
442476565
803906377
391093443
583192849
332796751
306965725
908829553
601222825
785371705
149768866
106454050
272686465
473574505
426708625
689458690
731222071
675344840
562875802
394645405
227846533
487096327
128818561
582954409
39950269
774083835
441254554
455834215
482090149
741599737
330103465
95608765
173483269
900225145
855055693
635122618
611275465
53989008
435656545
932495026
492387433
696480202
406842905
313537081
276412033
736111389
684395977
103838753
494389909
702662041
746594615
595147465
830870041
728043805
92871517
39667087
204502306
107491241
130041664
398993629
555201421
865398805
353154703
362040349
545295192
678532101
694398157
694309741
648239857
471010539
405919591
63173485
48991522
837160189
815494093
626521657
435028984
723766152
680090461
711673327
388836555
243534169
474309529
610939755
329506861
504415456
582109897
32519797
737717209
765834181
315069721
221547145
217819681
834960073
250714153
541423537
699711709
514856264
68636593
732097488
266358373
933246887
840899840
196982159
759921346
370671241
95795461
885586453
150836037
678116401
734050117
524153554
817985329
498700033
809602009
368025325
262244592
141925485
371922517
214076377
146650297
749709311
60275098
336832741
180346681
668469433
723262735
85865437
689082641
221027458
282817081
817570129
97536165
107961745
744813200
337044943
250891186
421260346
657105613
200248153
287332378
327679585
140075905
253606429
870696281
657628304
64710841
864328561
893384881
707029465
710669233
176069749
939132336
382258141
229972969
269897545
422568784
887707618
792808849
832462489
524975896
77396665
376763256
735526631
678160053
330347551
62099581
852070513
163140175
687309922
835303093
18328872
609153169
489457834
881818587
214840535
97261419
751331760
619233421
262812298
258930277
485505215
851259785
250392277
172265257
713799104
247709137
570947866
383057776
785610631
196924717
627135631
228593305
198961207
919201928
575872777
446280003
167468569
588199131
474758497
254276641
891078409
106190149
162956977
274122061
507431413
880970713
697399728
884217463
564186792
450390445
61762849
447656581
937901351
198609397
417447901
906860536
408045885
502257937
382164778
142710387
565612687
438266928
296042434
374965319
63857113
933427129
523841473
372744213
714178681
98135713
759266065
339940808
232913569
292493839
158326153
355053837
691932025
726721385
189371064
346397377
11938081
161071105
866531281
348831339
900773185
724319233
670794409
723450853
120481635
492568903
620975929
320456017
677205909
883149733
847528009
809005289
180298690
356936269
128903185
223241907
349567063
715036327
581172151
200990113
266171989
624559453
61216351
156637333
675798625
738843217
776923735
67967653
479025469
317309317
113548261
367713319
96304642
27874223
507398815
55697026
11132815
523141933
732625063
653201437
384364357
403926730
191976877
628278061
600273361
485814145
534648257
585214105
5132205
17659201
502509816
213237253
7097831
879166705
124542577
218611693
895504693
718144201
249270637
622427545
251810887
907302627
580770289
646592650
307339378
80817085
937696945
41765521
569022169
43815429
10829845
34996495
911925685
790344373
799656181
414085035
112678177
600845311
740787409
425189233
210208465
666396037
654555023
775349146
795146639
702444865
234197187
596457682
551371393
202907674
765393361
806850517
39343045
10469976
317115968
179898655
410332183
65183737
506859169
696595717
912257386
474692959
35316217
419311465
77393161
522066793
83274529
635838133
275187469
711175837
273737641
564006061
784684225
789781954
657255703
895659817
375781333
937292773
244855827
218479009
774771109
56312293
133274341
500609331
939718055
84483157
598437445
470028541
383588005
160359072
556026288
553167025
753742367
87267357
765171649
185251441
410508181
524296261
52601602
331839001
907470949
88195885
30791698
400312141
16712545
80643304
551734285
596967216
803411149
214385029
623029441
367358616
161162521
394302985
525291320
301875133
343149243
126987817
478828793
453936949
757563253
730884335
734957133
241831537
936043090
490401289
18889645
714158557
443903761
336265333
67373818
456814539
242423115
692812417
845044429
850249609
387693769
773931601
253061041
533420581
48126889
338475697
51828073
457252197
137592391
106618408
687159949
719658109
55502746
266941930
355753237
665812597
539131237
579182401
588942353
662477242
546662065
297528816
174243922
269732425
724189155
84896473
821224249
814507504
682263505
383503765
131766298
841824127
487027633
693676261
1000000000000000000