1
2
13
2584
147416329
738006410
434054023
198308762
604686841
228774016
627218917
632814674
933448489
84560474
492991837
892909384
11448169
424834490
924056887
861400538
129317209
51696578
51696578
144989845
677774810
307976149
4276898
279572594
799761544
184207621
142605890
692859650
877192994
463202426
331527770
105296882
918915506
868023002
905262074
693881762
920640866
478731914
282899498
857525536
159894698
263098994
285490346
544143602
62241505
486055129
166034546
56168114
570500689
904987826
380299610
562164458
567672157
373794410
367297946
920788130
924099697
757171586
840088082
17419946
53455274
758850194
112620770
530069906
426118456
199022930
94086049
928189705
203579738
821921521
299971778
142148138
853393634
66469741
168237589
150111002
385179290
892725553
432703840
123250933
771467114
230665082
894761138
129886850
602156930
288324554
349086818
84547010
804430850
541705370
335240032
749574074
203330762
555985562
654495517
127696346
502594336
727666418
537741050
464587045
10592762
776581105
459699242
222302498
858469874
344725009
789716930
805124114
245226074
355612298
793819418
759860450
562027178
649016162
332439170
660276554
454853618
149147546
124218122
774354986
460535665
333012626
569884226
825182954
411474961
883130666
504861290
844642706
758139109
47887994
77484578
809233514
225324928
932644442
810624362
374570042
236251405
745247881
101231570
469189346
68945762
569145770
443180450
828092005
57864157
86600282
834897338
526141250
143539658
841886186
891307960
216070346
530534161
167787410
540643898
609293570
376832617
157248002
691643786
811557565
927199105
853188026
271871810
103813946
154556378
543160178
67415714
732157298
11101898
648099818
431443634
308132848
169192610
788605586
192635677
105420746
270928994
370079426
913291706
374570042
94193162
141853610
441254738
687703624
841985042
71300125
427995448
831985754
166580546
804063938
828625874
816369218
828281066
579003050
263221034
468582194
470819546
419799746
799640665
657982106
474631250
632507618
161886592
596595842
324857258
367818313
313820161
825278066
740189738
328561285
672257978
374813450
560594426
99904285
61455002
557693810
306974618
587794898
758039618
259779674
396381698
588277250
552729842
695335682
32233045
641124434
824772265
362746802
323452586
364352354
659353082
444559442
270752752
644826986
47892050
76120202
30545162
713317226
508253930
685865546
178812280
912118537
687328562
928802474
570594349
869623250
765354410
114799466
193397882
911415424
408083882
815430361
91657226
729154921
107514589
290935010
776502256
356760818
593269874
411744793
794551418
136477850
517180298
57956197
11449154
793819418
267253360
886329601
424573120
363403610
719147570
721606081
194933858
896427170
186373562
905262074
242609029
473324282
704928385
804430850
363987674
779476514
855218522
114589490
258069914
391719434
500480138
847001701
682335578
313799930
551040997
638985136
897906674
895163882
908099714
781576898
209445650
708126794
817617578
462588937
87569042
877618874
238673450
291314714
449397088
752531161
30146378
532208354
485443658
111725330
554243929
921221497
497549834
110688866
907520018
445186562
732987890
753688729
497802328
508184666
308069426
263151458
260041394
198558001
76120202
509997698
278844698
457669994
641084810
97398289
551273786
788332048
926509909
591299330
648639976
548662297
49255130
47555978
207235093
764444392
481414453
12098437
535077242
233606968
427576658
707646938
422754698
859631224
913482736
461976530
760936178
282899498
543173642
876443930
343200314
339672530
13576369
482265002
157094858
154651226
829117861
93575978
681297242
438880741
703528178
316134002
438694165
348914906
297699794
585776258
845086370
216515834
766635170
831734605
611209922
237813578
228414577
200855978
884050840
603259850
684108410
52963922
514000970
299422706
152684066
646889882
504006362
916876946
726978722
634183370
892764650
140962538
187044002
820108538
175092218
151815818
283513154
322237082
99055946
465549952
704086357
451553546
785112482
646565402
737353970
235395266
599761034
693560402
456254138
399050810
598492802
702959714
255645400
423732193
237943106
681869186
524580589
250465850
73173362
573487465
687156613
410468536
937729154
102273026
126733466
761857202
674579930
581169578
320479225
738270002
254049122
868882250
872314562
300080354
411255002
110948498
602370338
225867098
3396434
148656194
873227786
775781450
75800488
81690698
15957866
485860141
373134481
38283289
267731882
879528400
119118170
891487322
549655442
808631978
73455109
337624562
361798634
568353866
830519666
784047626
693881762
426932066
923290370
919110517
198308762
936421250
523829018
380164201
853393634
15321698
670149794
397532930
856621898
463792994
235051441
929693234
359644010
259278505
823470026
571419889
219855794
609293570
894086906
314429546
183480650
503221682
787086770
15957866
23860777
710690138
750527233
730689698
720202082
307813274
521106770
648135385
497549834
398235554
851275154
653839682
496875925
545374442
675064429
177633146
509017394
393806714
452072090
489718322
259926938
750423026
902450642
789744385
580585250
584109866
902450642
721981418
155270234
726852937
171392834
200416957
782134706
465450650
388290565
463792994
267731882
808150837
562432418
461976530
79666405
646192024
425235808
657133514
587912258
659042018
133415618
805116088
898455842
502274762
532998026
686213474
270784178
335716009
62689226
818404754
242609029
756723866
155495810
424896040
700732706
255649381
754331762
347475386
767940626
246289370
102639626
322855730
390278617
806411474
865739834
392371525
840480266
806471954
115832137
152684066
502092602
568454954
29445362
785882450
805819298
510852890
36236354
41461058
471464450
809160770
333026930
762676202
19567969
834201265
770698034
465665306
471693458
369791762
702498938
832689938
477159397
239053202
878303402
709602554
207734954
348948962
515195306
370179217
900235130
666974258
847066360
431154050
112710949
771467114
247191410
515022506
692144234
145420705
922149746
530534161
757922570
732542978
916529378
459444962
62689226
505130498
831004600
931169666
918860605
100856137
789615890
55098889
938055157
415151258
188869465
581392346
485860141
234404353
77268674
752459762
539588402
920561306
158678522
278489018
511645682
264880874
125722585
173048618
936622178
351588170
628910344
757171586
203787170
393890690
15297098
133724713
103911962
478161890
740169506
670334197
253466042
641084810
372098641
707855618
406063010
872230021
906372170
318291256
907383410
601331593
714600794
321011498
496328365
612733633
645142106
20940517
891515042
918915506
736535954
343595704
737987690
471464450
746729306
626679781
122267498
225652442
84547010
389313962
276629810
169192610
886329601
34709378
703013377
119863898
474631250
777220405
141713570
603352826
360673562
285351157
571176578
30120181
156912290
577848074
237840770
355659458
469099888
597426962
696102002
552839354
91222024
588153698
400554650
330132506
586837106
158678522
706758626
924739298
817353578
785003282
296070229
602844541
788049290
790121293
722050058
318908930
102705410
776572730
711069890
487086026
918872149
732976610
284297608
586837106
788049290
593833120
235122890
887170754
915458546
375987818
664220858
927090218
148734781
375823045
897494845
529299976
173555666
523060874
921724441
290226194
357513674
810624362
837658850
801408242
904987826
508469570
781576898
60344546
890331314
693863042
464293178
205479770
422754698
788605586
160692181
625571858
198190514
746071885
933070720
521980994
827900738
802156456
936128234
151476938
254648173
630110608
929693234
111725330
683987354
157450178
570193106
705327842
50193986
151815818
684670898
108991586
500624368
501978674
175092218
147853730
18746522
583515554
461179370
392802698
928632122
420791605
381325465
511222610
555287354
611490674
646343930
566041322
545934745
888770329
733396874
535015106
549655442
511351826
692691170
638487722
17890093
281635586
923290370
526141250
862932722
794551418
143001458
684715202
540643898
592362889
497559145
245345570
695532914
631378501
902450642
88213058
851617729
861400538
902946770
464309440
420559154
376805258
69925528
850623074
549952778
144786722
426182642
806123450
417909962
791094458
105515642
633035210
614788826
898228970
461152850
173048618
540457322
523279624
35080706
110948498
574236938
186603146
142605890
421370989
348310960
121541162
357638474
668950154
570652993
148656194
492893906
295321729
101742266
345781189
461281394
553029986
818421242
469310714
677526146
828997154
322969658
200588546
210780074
568454954
55098889
80700674
802038122
290935010
748693922
581278154
15589442
437303930
221482960
742366250
205538738
868901642
690359906
65472040
852914402
76120202
692297377
321916034
190461650
162355490
904127066
842072450
339672530
480480314
845473202
299785202
545935730
762676202
636481562
937018682
583515554
228111938
332198258
164835218
12751393
816303074
17321930
104967098
817126753
329329729
542009608
539569058
312812762
265546994
932644442
461179370
356536141
508497290
770698034
381598105
904517330
876200210
719108521
474258733
482248106
628767362
186141122
483008450
176819449
866083298
123282170
402119330
343715114
207692474
656700097
331646104
566094050
70387562
136441034
422754698
611820469
468202802
536314946
729337130
187305458
80224298
402119330
664040882
585463946
86257394
145420705
425495042
574977674
28798586
255898432
752089418
907649498
917706242
578683573
929797442
290607770
591502082
802535762
837954938
197402401
146708330
289873537
686864570
658554362
84547010
706540586
183798266
887988506
436844569
216515834
787885189
444696722
571829869
479512802
782185874
683976434
632662994
157165994
490554568
857127026
740140216
300080354
737353970
239235722
367164496
334175138
472305602
274922545
196521938
774354986
416438968
819178789
60344546
471552122
936539810
395749274
431938418
850623074
579011248
160927730
517424546
7013762
8401850
796280474
653943890
394045754
707618186
272249066
263347706
13676221
787943522
849100874
300080354
490516106
639726373
93772226
147417280
275259205
452475554
550993874
659954258
160456970
576192565
792535549
14850002
369791762
507596546
630644666
843120098
42446989
545164477
871844114
609293570
326084930
295521722
860241722
420270952
177758306
141115730
617598434
796033681
21058442
230665082
710517290
654977233
526341280
246334921
939521234
158678522
418844714
644315618
692691170
101742266
701948882
199575794
337624562
873227786
655520426
637341697
35080706
305737586
110688866
652777010
555414338
432802394
824009248
22288033
761409805
623997554
58897538
855889994
894574288
40331666
552729842
850506386
32106362
522464906
476767874
459795112
687886370
175896865
375470522
900235130
600996602
471552122
898526042
16575712
297699794
469766858
794897690
507373466
370852562
128598338
473366762
517424546
200855978
839116213
613973570
831985754
602659201
694288922
327169528
833003821
582237866
411452498
340216970
689713453
554369714
806555882
309814130
606715288
936622178
495716296
746806322
771059330
533239912
446375594
807674402
737112745
378472849
618360601
52080602
484722578
630110608
487138393
442369837
782567450
100459009
40728794
31102658
707077490
131922026
851617729
509017394
557693810
222967106
892322
388147346
526799608
819248666
294523333
655595354
360094802
937761602
287137394
178475282
87710066
429412729
14146093
689663608
188438017
588280144
450193936
741629569
644315618
355902818
919822802
918049717
545374442
379237922
817353578
20562722
692144234
126775634
456087842
384921589
87096997
121145906
659092250
13125890
700578218
889009370
672366866
213896056
467280529
742465202
611209922
137110909
681946465
725537954
490516106
233875525
21058442
489813121
698106640
220177789
916856618
295888010
110846114
698066978
197619554
386170826
715820090
876033914
322026122
801525506
691302856
940824770
621514034
535503472
868499474
933890656
82171442
551273786
111096650
546776570
453179378
652436306
935517386
606031298
191950874
411255002
595003394
845614586
221482960
61332698
850127704
51091250
111725330
37815424
221186522
244732802
312720458
877618874
826005698
845371850
779677130
580178090
17105090
587959370
252302234
617785537
489912074
289578122
396618818
367026506
243563200
204152210
895127114
238924034
195120208
312886442
289126706
380034098
252614234
356915522
656399690
734802434
845632321
627987760
564490682
118443938
763813441
682232042
191553074
327169528
433458568
581249401
842788130
750953426
547661800
758033954
878303402
175092218
554174714
52597010
237712888
444559442
851195605
22688329
824916458
404574232
401773946
157384706
234922898
469491362
902015714
369826082
830519666
410956418
829052642
69479992
823176122
357125810
532620194
831321194
713612066
320181040
730304416
488628194
842239946
250364041
411255002
734802434
252614234
710517290
292681586
538044938
804430850
674612066
214539986
845998072
378848858
57504098
539148794
639308594
336621256
689663608
133761002
636506296
295888010
458787938
363334610
2541505
490325474
775144970
384214586
423633553
594799298
350472722
661036274
199220738
47555978
783788305
827900738
939163370
759485738
744008930
89451289
116500813
855218522
767501330
585909842
228660434
754662794
13281616
155691482
727666418
480480314
184976690
220131290
831507232
687156613
663644594
395749274
924427873
749079242
514893290
668088098
382596952
521571074
241356338
61439354
805395640
587794898
913291706
465450650
560016301
413141090
263085890
610535066
300839773
269712146
907649498
914685722
846701944
1624849
34116890
521980994
802535762
292681586
298116938
684596018
326959154
289578122
507313873
170991301
622414154
902450642
189916634
789467954
166034546
221261666
898455842
181601834
775515889
289578122
874078970
632146021
823710938
868901642
793542061
315882890
479512802
581392346
607264408
636872584
854012690
516318506
649050842
215848417
283795514
646343930
900126242
684670898
252463898
93772226
832352354
51946442
550792322
475189117
619032962
349938314
252302234
181722890
632507618
516051757
531812738
765560378
100712666
803236213
639594122
142327850
799546802
222302498
105004274
610026157
290374034
883336597
519746450
327566306
557476346
648305114
62027786
720047330
476992514
567983258
143313146
483984386
668666906
748693922
3812066
5354594
36236354
471693458
114589490
457744250
756726373
877192994
636780458
866083298
321753434
203579738
641124434
123372338
931223282
322551541
685865546
569081762
114237914
722046314
671945042
394107218
470306354
122453536
740206010
73216816
852914402
272300546
189916634
846245714
675665690
796918202
162042194
215717114
594853898
487870034
602010290
133930369
733322930
722024834
368130050
319705778
692824081
393809210
816899978
501998281
902015714
148680170
397519201
856671194
622662469
773672690
832695554
450402352
906695450
520176386
614672461
387491522
149015882
928802474
157217114
779099882
703785266
782264858
730082186
162649609
178127354
596358061
737174833
456175525
143001458
590367661
511573610
246319634
549072664
302059418
311865890
322871954
541934104
873227786
640555394
703013377
536119898
831985754
309814130
472305602
578550601
847446290
17321930
592263362
663272690
417909962
337757474
735131954
37999418
845706314
397519201
812860789
405100490
831004600
902450642
94309802
22375130
385365290
525627349
783618889
379237922
309563906
89461634
296174512
842596336
17321930
507313873
80919073
56277314
663758786
871802882
501937753
454853618
259144130
510852890
725326106
762022874
107280938
114799466
326045941
42206437
403957273
67292834
204325682
412414754
705920594
691480658
582469058
209442482
69589106
815421722
913291706
454321298
867030218
177633146
293285978
800200453
542149309
346706618
536230970
369791762
524642042
594853898
195597530
289873537
143215802
693834026
159839210
176018632
184976690
648099818
159646346
837658850
850236818
837922538
146708330
870552698
729154921
492989954
546717650
323458562
335011562
222496874
9073672
652776085
881025290
304441226
490922066
214363981
701948882
123448741
233606968
686801546
750592178
352493008
523634594
920788130
395401346
815780474
926492162
618065762
841006249
159244178
343002818
54745442
147853730
531812738
480385826
518265386
395641634
183480650
878088170
865230914
26345018
850342946
303779512
101411008
517608002
554426810
918915506
671945042
810674282
284744930
94928186
734802434
800751122
440722826
492893906
823710938
182768128
510852890
919263160
205479770
918049717
717107402
766796474
153527762
538044938
829143170
144273794
636780458
425472530
340990778
66841957
898455842
476927570
1072706
744050474
792392642
273333530
661581112
110633330
102975290
252378362
197619554
298829234
397519201
180658970
856671194
856778570
129836042
133292378
912298658
110688866
456568682
750459266
185004146
302032624
515022506
854655136
291353176
267012098
512338634
582030085
318855314
725148853
390831170
373447514
707977610
366671138
403776722
479197370
114589490
761486245
455650466
327931921
156912290
19656626
487904929
434129281
619868498
843120098
806411474
769920842
642086018
2046770
901013209
418263818
180609013
425997986
899906593
125091146
309381122
793819418
394319378
410468536
255582914
213818282
154189778
435360434
20649770
49413314
357723650
100963288
445186562
616561609
823710938
100657216
258728186
918181381
707480282
546717650
768338738
290797418
420559154
482248106
723064693
256546321
848006642
503942714
128438594
247640281
701323634
290000306
694562234
799546802
701323634
906695450
248211026
489663722
182931218
67134914
483825889
105148456
20784818
364352354
611209922
899923765
881613733
640520762
684715202
363217034
555985562
373502066
413553506
432768698
782531344
238213250
403405442
222302498
311010037
425472530
663272690
407721925
766854904
533451050
473054402
706733666
527043205
425458813
684106802
605341778
549924962
457669994
127074568
187792178
129132208
507735746
705920594
393809210
47555978
677396257
289643018
773588090
740206010
652436306
364382618
773889256
470078906
552027266
250256138
185226602
703153552
272185730
78679850
731296178
67574845
207890954
846918434
565823632
803574722
287847146
316067546
102619970
858573458
136132778
158181769
800477810
775144970
213180554
123403538
226844857
463542146
699940226
327420026
205733113
692297377
630516434
374570042
498105145
663044704
39700130
883507922
320479225
499343920
778673066
366178489
176010794
71300125
771567890
926266000
773117906
806443874
806411474
709914506
915360901
338043265
135352729
653839682
162298970
659721506
664220858
741891961
673251122
890289506
818421242
591238130
461889218
24520480
216700898
555090170
837443344
346715978
178617506
67750802
800751122
48434209
506432162
570193106
224530850
165601802
563318858
245345570
601510106
356689322
323348389
27891290
823966154
821160026
468202802
464480330
158312008
473324282
606031298
149683922
217244677
539148794
331913138
538137688
777458773
146898112
919282154
868882250
728914682
361350338
508253930
246271634
307729346
520851290
315427682
672366866
671474546
822753362
783796741
61889306
507430874
201634106
574777945
457714621
925596410
349737649
898526042
899344418
874500794
742465202
198485714
790511293
375311053
499674866
14850002
18086018
77268674
750953426
825653714
187792178
320084857
365637482
940001714
326084930
198190514
640555394
876145034
700126130
382947602
878751520
725326106
681869186
67134914
677097770
858469874
837691072
733696130
18086018
582469058
567983258
908447282
342829432
800477810
138750506
632662994
91964810
645142106
276629810
745772053
809673698
198600794
66123109
158097266
540864794
437074562
193811330
290374034
322026122
181423946
290678632
802156456
464480330
675273770
469310714
868890997
164835218
672262034
157094858
902815456
594936890
934179181
312445226
8401850
302059418
184976690
478359338
938906594
503407994
449397088
815649757
896549162
28193306
582902377
690844178
625546586
765560378
718166018
587959370
489718322
486543458
156555050
81477914
502234525
664036514
110846114
834897338
931219849
94210586
84547010
720671330
917162641
381697682
938496050
838264442
551636368
322969658
811152938
887170754
115172978
734101106
456254138
817884914
860241722
904525442
257853424
586833314
315142777
78256729
765349466
832352354
335142301
691782050
356915522
83916194
584791537
309242234
316275649
707855618
846701944
485623321
272185730
818404754
97963370
501578114
552344834
702782858
102298249
94929482
443683658
696102002
480480314
502092602
151511581
810595394
55993394
321148778
739587890
717325753
414382501
503333690
938906594
468367312
326103386
290374034
694562234
56613037
150972170
722050058
869662874
471552122
454302266
507123640
355503458
803574722
104642930
348897434
228660434
413141090
699997898
552839354
123403538
151819826
853017625
76358618
201188522
91877138
937620890
553029986
557580194
577712930
872230021
337215842
656948149
589856018
34292858
322855730
35666594
334175138
300807088
533451050
141115730
622576744
255898432
889009370
753737090
597194920
569083322
512053826
8650912
828992474
751703473
463677914
586833314
298270765
246289370
220829546
22141706
902815456
318859682
689481314
166079786
808631978
564490682
692456546
334175138
672862321
728914682
195033160
786069338
36257258
860020202
771059330
153283418
416751818
497130592
223154306
908971754
792794
237727778
661027312
118448930
400813298
803108680
554809897
166632650
505177970
771467114
626310410
824036941
578424602
462690122
225466538
102975290
383557514
49413314
200588546
543104953
156912290
160483754
23801906
691961413
418158314
260456440
418956985
618974306
98536778
924739298
77131706
621970802
832881194
551636368
704512898
692456546
188285450
822989282
447871634
232483994
911810029
517180298
542257562
400813298
627570842
306933697
630644666
349780082
764444392
280805618
551605130
735639890
762022874
468320377
17589937
763685834
75145874
451219754
627228352
90081002
54478370
8908226
861422066
303584426
140486426
940824770
754662794
249171986
716281178
356461825
599904241
817126753
781576898
581392346
793819418
856407554
301407290
936306709
176671562
243213362
686058373
818404754
779880818
198308762
314429546
291373994
271724546
774513842
380034098
671847122
645142106
136248530
381535754
900887258
132449042
853393634
929744090
807994562
768056341
525845824
97085365
753841658
877192994
287727026
406878626
113393906
170448184
103813946
31692338
528303361
338898458
143539658
566094050
912136144
157384706
762284954
144321578
773588090
924196504
703785266
342903338
29560442
604676906
443240306
302824082
381697682
150752210
822864434
37815424
900629186
699690578
832187005
158790578
380716528
426182642
537086248
529188829
446791850
402119330
564942146
367677074
81248546
644315618
768253777
593540738
743554045
296161633
361350338
916856618
338898458
658465082
155239970
277272229
337443962
433437002
898228970
258750338
230130266
561099328
609293570
930834218
653839682
99796634
825278066
393806714
669541657
602010290
453179378
242308250
35666594
309563906
3148705
907520018
743135378
679267682
348738002
154862536
246319634
564490682
483984386
23860777
938411450
460622762
505100594
663644594
928802474
639368810
489663722
586405250
18697274
596481650
403617193
746806322
86302096
254930210
153815738
245226074
32106362
238134362
707855618
593269874
263897402
230614802
650265421
900235130
767661973
770906762
408083882
754971050
506806885
173476370
38058074
899923765
12751393
197619554
114799466
758850194
636461594
931120010
869623250
582780434
697468525
870901837
517729058
575840978
766635170
554426810
925596410
59534368
800477810
235499786
742366250
403405442
211551602
613504010
205538738
871336754
665702594
234922898
196521938
880222213
371187973
632154794
457120922
124591274
196923256
290000306
849112058
122453536
334972562
527608538
34460714
689338730
287544505
400554650
666701521
286761698
650023297
357723650
7924490
639368810
750408760
495030434
605096282
41461058
570388466
360625250
314725946
153156170
303107066
133761002
512338634
867164690
684106802
828281066
664220858
725264594
369994513
704512898
915458546
373120178
175809866
62034026
306400237
741746978
29414377
902946770
899980586
585463946
20784818
166828586
449438896
397532930
35357138
400247330
535924586
291276913
710517290
517900297
291373994
785494370
530069906
224141125
154029733
710942008
807644773
267012098
43133066
885983282
927822842
873227786
561932282
610989914
594936890
445205330
935389778
321148778
289001557
733942513
474560114
142327850
361683506
756723866
458582330
559378922
381535754
104967098
821924738
431733122
801525506
857525536
293566418
597732722
288368858
446594930
97398289
773117906
627570842
393627325
104429834
56168114
637297130
906695450
173458322
232489696
278844698
452072090
876183050
871802882
423796240
415603658
612125954
115029496
201694597
753737090
784627010
639308594
517634210
696643586
899984954
770698034
790511293
320798800
73121209
651525266
397068362
170384762
207372674
532171274
371823457
242293946
86269298
111007154
936306709
459365714
326771642
252302234
354612698
642745048
218475194
775848218
773588090
439595882
550792322
426420709
681745849
300956186
160601152
907520018
398248744
703785266
154651226
524009941
741066146
612099025
7013762
196057106
188285450
57504098
450398258
42094778
558562730
87569042
638337338
818896729
484197842
625739450
803108680
289126706
1404002
431131946
481776050
285539954
926618834
644525234
104642930
847446290
26461082
31681466
524047633
209111450
17321930
187044002
52080602
785882450
636481562
262900825
263347706
446375594
320493266
363553633
478840178
63228674
766166632
330363434
584941658
786520264
866109506
502234525
170929514
382298917
29788837
671474546
529249706
230130266
564490682
94309802
569936642
385179290
720860402
154651226
523634594
383594653
887988506
307380266
402288794
722447234
361421114
572480776
541934104
28715546
210528554
698066978
77640890
286726216
125722585
304247426
187138177
801526754
889009370
649850773
570181201
408468266
99954242
461889218
285351157
417735602
331260434
719108521
188637746
825653714
517729058
302090930
515920706
396618818
624312314
892058233
600236882
640571344
242308250
477455522
444696722
26855714
411255002
400784954
551975474
666404234
320084857
920327354
903874346
50089816
404621882
220829546
66648506
444696722
852426434
321916034
905696378
390831170
81583946
357125810
323656682
253169368
142392746
811501082
431950322
172704842
380034098
659353082
672257978
286907725
94928186
424896040
307601125
333558314
361045466
688630178
659271290
919263160
416751818
27384866
276602402
272993536
64132898
431733122
430313258
937900093
207372674
887509010
225867098
209780114
577696082
106546754
159889168
905204042
491812552
108783842
503942714
343200314
434782072
93575978
909250370
554369714
180190922
484722578
534705026
630341450
532998026
608325482
886746746
47422802
53216281
674341874
756896402
256615682
112098568
908099714
62034026
605230393
384671989
173555666
140486426
603048890
60530272
124858346
451339826
704564642
174857680
597499658
246127081
471596426
711412154
691910234
653563250
497589818
550792322
94952570
192865610
871824098
626170672
661044434
928632122
854012690
561932282
237943106
331512170
38131405
97516226
441175178
898228970
22211330
90141218
99055946
451553546
282462338
249172874
350144186
156912290
608325482
743552474
339755845
122267498
369826082
940710841
495267866
143131336
101656154
564054242
599761034
57754645
895055929
935389778
545935730
214482890
311664613
650127554
222700610
126135410
424293493
252378362
570347858
754662794
98804560
794159810
114799466
463792994
884986765
817353578
577609034
516627122
586833314
760256330
75297458
843008101
30518954
522464906
473934553
708126794
332588968
532101736
696867338
540159760
892661378
167160242
791326586
80847002
56168114
24955634
555685730
736779040
903929608
561340417
677410981
274214306
556414249
71393725
119262265
125912605
176809202
39700130
624159073
360012122
705992978
183480650
19426994
275317898
25303514
97516226
810674282
767110970
801526754
567983258
581159594
668052578
610805608
845998072
134183714
814685128
211647434
841985042
848100914
627570842
302777906
840187346
927731077
391043378
480480314
461179370
298116938
331282537
893033546
86503874
103394080
472841666
821924738
686451568
89960608
887170754
754262810
854012690
146898112
614682745
672366866
56162186
496508066
801096769
912298658
888805322
183662858
326084930
586833314
702959714
37255298
839590441
714078770
30723938
897906674
830954680
760936178
575924546
686185082
394045754
778823762
147498712
180402506
765279890
209111450
118196210
175972768
773672690
28572026
85407866
415603658
561932282
614788826
582902377
356057210
164363797
133164458
667179865
794936077
930514106
366671138
437435497
398913541
166828586
82171442
883130666
359250890
241356338
352773097
206979242
899354978
60261193
107161130
296917561
587912258
829031426
148331677
103164685
248211026
298924394
390278617
374570042
425515898
426420709
187044002
84204385
665988026
237694405
400554650
659248874
828992474
205538738
89461634
383557514
591488989
643235738
817933273
162298970
900126242
41925626
921633074
922640872
147491773
56983456
291276913
354273866
97510609
771463058
699800725
486057986
851526400
782567450
363987674
297745346
652436306
826005698
919282154
221089130
107135498
669329320
87569042
338898458
541010234
369964610
267649250
173696330
640120778
895059760
206417416
611170610
807004538
856671194
669452786
409796176
266496937
917162641
99959234
338545585
790180261
658465082
278975786
418403234
30124549
557476346
886329601
482265002
207890954
492991837
526141250
140826145
526261370
345945601
59146826
489718322
279572594
348727130
547461458
555414338
549682549
354273866
461988434
397587530
691502810
238655402
437074562
511368986
60826898
161928088
263876137
235395266
646455626
912136144
710690138
859917554
381535754
303107066
569936642
535503472
441564877
860258306
275788346
222496874
903563234
335866490
46531106
838344938
785882450
389331434
711046130
493448680
80224298
726978722
846901226
895188890
792794
913278914
287727026
862570490
715820090
237744938
593269874
406693874
425997986
929543785
818404754
678697669
220829546
703176554
224551394
360271082
44613505
285855112
768390493
307729346
388422853
73818266
932970880
492099242
289554184
667750202
126775634
379237922
504379202
666404234
105725656
868382426
318908930
736079761
671945042
260041394
262214560
459310850
307729346
511222610
189763706
169881904
675468458
75800488
125912605
730842578
13
783040802
787225298
286761698
233793146
746729306
633413365
651525266
59706866
567318698
336028370
297699794
27398642
831321194
458215418
535924586
331512170
342715778
514391018
872390738
582844657
627570842
367026506
199390154
584109866
318859682
794897690
433960490
796033681
403405442
896961986
292681586
796052450
254117138
482617213
314347850
926801666
205538738
789107954
837922538
275317898
384094729
859493869
281113513
883130666
358640581
408337178
759669458
134873906
633583792
343715114
190449794
432036386
872390738
841985042
472305602
564490682
143384906
68890538
2450224
613192370
825362666
508144154
749079242
49735610
803855210
530180042
846091586
767661973
225324928
37638208
244823368
765354410
475189117
384214586
167569273
642698210
668218213
914029322
861553058
415798082
298270765
186033746
766635170
572837978
196281074
154449722
676832834
545291810
598555466
66361466
642086018
120573698
344810906
337757474
552375722
380314274
695335682
843118549
882630842
23667074
313799930
318859682
585463946
185226602
180658970
382668938
104749370
554426810
761827922
496786994
219855794
897101713
808150837
560667122
302090930
566298146
391755674
539569058
24692930
729337130
201226274
799504069
17321930
920561306
495256645
71701706
762827522
373502066
330620248
484727306
252614234
721606081
589328377
768802021
511374016
569884226
631217498
356915522
532208354
806576522
837492565
303178562
819248666
131922026
751353410
222427696
425544301
326050384
586689218
891515042
855297146
350786282
295521722
409030705
201634682
62048378
136477850
832352354
613672802
445192802
723193898
382298917
209596610
274604618
95832050
140486426
334972562
358621226
391043378
821924738
420342637
425495042
362746802
724177597
519746450
309814130
826005698
453175682
696296378
690844178
235670713
677350442
769920842
648737245
106546754
190236961
489866533
814960898
778181978
583511498
613393573
885983282
483984386
22141706
356996642
936929138
626772794
158181769
710517290
748693922
915768362
845473202
677350442
347254490
104642930
348408578
259474178
764444392
125267776
342903338
170384762
818492389
634998314
290797418
77221922
342452810
867030218
364347986
87710066
648785680
742807418
291314714
672046442
153714338
634998314
346706618
254930210
433960490
157450178
832881194
438880741
922919714
767624258
380164201
488628194
847221973
133198154
199575794
176172674
2584
759485738
555909520
590427193
411645712
594799298
611955290
221261666
681869186
385179290
227020298
569936642
583086242
615436850
569081762
516036770
141375050
632814674
91916138
149860165
31126058
516984938
88475402
119335370
272043770
374454026
228992101
288674258
6265909
479244880
551273786
834897338
70387562
189763706
314725946
503407994
133705730
326959154
653717690
793383952
816593906
934876178
437074562
468911353
52542997
284744930
685822490
321571538
531686776
688630178
511573610
122689322
335773202
451219754
291373994
336028370
924646408
923198690
236754650
100657216
283795514
294706466
776018570
761681233
66648506
27384866
68132426
678217538
457120922
471464450
553755472
72920954
197398034
664036514
755101154
49413314
334736066
607010714
826459873
675367633
18086018
484086458
900448538
694288922
299785202
205479770
701045282
541342153
352493008
266244002
260041394
756849688
832695554
927199105
40728794
370079426
551605130
707439722
541934104
828925658
253466042
829679713
146708330
842114882
292424137
894086906
817527061
520418197
902839082
553216922
720544981
195517922
646565402
635697818
33920954
457120922
472047352
927090218
453503594
52542997
370591418
840480266
935157602
846901226
818421242
298829234
63559394
645250370
791146202
8401850
753035089
43338674
284628554
884212370
601888250
348897434
370591418
619032962
484722578
620557754
72738170
354651386
152868146
316739906
845614586
652777010
129132208
356127722
519310946
40728794
410604568
175538066
785882450
117461450
885715273
837891650
356376698
562652152
799197722
751395218
373146160
456175525
658257026
276479426
366215666
725264594
844174706
303630914
672046442
373205714
84060962
246289370
844271426
124478066
866427482
325299362
617785537
603557762
103872289
531733178
180304538
799860410
879392233
426454130
307939408
238264154
670020400
494934962
60437882
67134914
762661850
245226074
236754650
203440624
406693874
517874762
774354986
158353466
9746306
606031298
188839960
641084810
913782794
806443874
41256386
541849154
430208017
44146130
4700330
916856618
672366866
361683506
672362186
924175562
140921989
843905762
772931330
647849680
620069786
782531344
122453536
72920954
562704493
2541505
807004538
2316026
259474178
831321194
581159594
868882250
817609681
815649757
761486245
116816869
696382442
170910530
201634682
555909520
715820090
529256834
140962538
480480314
672262034
63116617
508158544
506026873
577464938
102301768
16347253
505495849
779133266
537563882
814743386
235124449
296334794
840480266
733396874
585199945
226654273
811322629
517180298
140112962
651449450
316739906
248391986
719626141
173476370
71234954
514893290
679761277
679987789
632432437
297699794
362722514
752210474
57504098
183912458
619726861
835652690
449275634
644988565
356627869
269712146
77401285
343452421
689713453
196629314
695532914
293682493
522220922
533306281
155495810
710417461
832689938
736146530
287847146
540457322
778888033
873358202
784412666
451219754
799054826
857899274
751353410
63362882
237257018
607010714
740206010
4276898
890563490
321753434
492989954
517729058
80700674
176018632
816104690
184976690
499472701
356376698
16252657
383938154
760256330
873358202
827547602
733803770
551273786
664232714
260041394
153283418
190461650
627105074
848125250
726550706
90055370
792392642
80847002
343467397
287172650
350581610
820683554
809563261
349545146
143001458
181158445
664180298
809354834
70544137
355503458
892725553
600811226
187121389
507373466
651829477
432905306
928632122
279572594
236856997
722030450
581169578
765694501
286245698
854020802
44238530
612672853
382968194
829052642
908912474
550227602
624000577
708207952
140962538
843978985
742222778
147243410
521106770
760233328
338898458
740140216
690359906
569928169
413553506
196521938
759635773
394169258
856554506
694562234
811044314
546749114
860241722
936929138
174422402
851496098
68286904
301063154
24692930
673912826
474631250
896549162
754331762
406650194
526799608
625546586
348727130
895055929
602370338
450668402
426258544
27870026
798323810
458351138
471845977
352033082
536119898
809673698
374109890
756726373
788049290
811724162
455221730
64318226
655204069
256731074
278290285
304441226
939163370
739460906
199649114
823710938
330802682
164831173
70387562
99470293
730689698
605341778
302090930
253384562
249382586
279753290
115172978
794157314
380314274
585048986
835909465
822699698
296107346
894086906
127232989
172986841
759669458
315427682
128345570
367297946
928632122
117461450
147297472
632814674
513607936
94952570
265546994
410821946
272300546
530240930
799197722
103703498
140619025
393481922
290922266
611490674
730529018
750423026
145336826
67292834
138401642
847001701
831636013
654847754
839468224
562652152
143384906
760795778
329514122
470819546
79561573
297745346
54098005
11449154
368895434
649429874
556906225
615113080
234279253
84547010
398235554
465027890
145095914
924421681
214539986
646455626
516318506
191950874
331527770
687703624
833856205
465974509
103813946
862570490
82873753
514000970
552839354
171550754
459836210
188637746
130681826
176809202
267731882
279979490
827176285
856671194
373146160
296161633
176671562
97859065
169213202
445542914
524598410
136820474
22998458
111279880
852914402
715850978
379095914
266550962
495267866
29445362
225867098
61265882
811501082
908099714
917706242
233675258
809974514
43085018
715850978
775816706
285351157
14687762
100712666
339672530
54966650
162750482
383564426
569936642
347249224
660693784
311865890
24692930
917037890
560667122
931219849
20784818
541705370
656399690
318569210
929543785
171077714
94006549
513620953
656943506
540060469
436996960
671474546
741705133
416431394
676399778
431154050
227050826
302942104
854126882
769920842
285011114
108317978
895127114
913278914
656974609
171177553
196281074
531204338
225722642
694101808
214387768
851970913
356915522
653173610
461976530
497262482
581278154
103164685
103443553
265546994
618065762
631458098
256494890
237813578
269698154
597540530
625546586
266299178
183480650
794897690
291557810
69773498
232005698
884298794
796918202
264496802
558698450
875642365
63228674
558864337
56567786
572480776
119338754
484556018
551922386
874500794
233254957
702782858
920561306
636481562
322871954
24520480
237813578
926855018
931001536
873064933
275681953
30577610
593540738
125747906
426258544
104171186
144588688
121006082
321571538
314750233
628910344
791079794
844660490
922919714
539148794
61332698
517127521
738421322
459836210
56613037
738250981
774513842
774414266
354651386
361905074
82171442
764324810
667276634
890289506
694461194
712385546
880231250
712661752
762404810
184211042
579003050
844642706
686898578
515195306
429142586
587912258
827900738
613504010
678284344
64318226
30208202
354273866
142148138
163532317
63183746
655701074
679326601
143313146
490865858
472841666
665619866
128065717
514893290
397090250
162660938
722176418
522927962
366671138
350786282
580966826
637629098
124591274
37999418
252378362
657215785
376937509
446572465
504499946
285128953
797660773
785446898
224530850
390049034
698451088
756849688
936539810
691502810
143832637
807071704
472928714
551975474
794897690
112620770
333155210
258728186
363831002
155959442
928184402
189663640
221186522
868142449
272249066
448090970
413967218
473893058
197619554
606166082
782567450
154556378
132539162
775144970
242308250
320493266
606715288
194941658
918090040
538177849
747167569
322855730
611161600
574405106
642698210
158276752
716245309
32968741
457391152
778454714
806471954
927090218
619868498
62034026
261703154
290210594
77268674
940001714
550851301
880231250
657531938
314725946
72398440
82171442
725328877
435360434
577609034
287727026
544143602
282529418
484722578
516706634
803574722
461976530
800996677
465511813
312886442
738205730
917115589
438901682
36402301
517729058
684342986
715573610
936938858
128957800
774532912
913424618
158097266
157165994
644995417
305725058
740169506
152453546
432151288
705502912
512338634
524009941
804063938
907520018
828992474
360012122
492954709
397532930
820445810
325299362
883130666
316631378
270433538
497262482
439595882
363532192
810433730
702777506
505187594
418263818
1404002
118664210
294767930
399690496
355897240
935517386
58501648
213818282
441879373
167249560
669452786
306204241
599811901
738421322
31229593
842114882
867030218
798323810
518669125
189607082
886669370
845495053
619517810
361798634
809974514
831985754
762404810
330812989
29955757
318317065
637627274
400966753
816593906
171843986
141971008
477454549
52080602
408337178
414210577
696167522
53364530
736146530
691910234
680313818
27870026
864641185
398248744
163766354
877653904
499125122
809589544
588277250
218475194
514391018
728914682
421143842
291314714
757345994
641147258
535015106
161886592
432066424
238134362
834720757
577712930
60344546
463987370
612754898
605096282
184139330
289156610
600996602
908912474
688630178
79492034
389062178
79787450
655761962
673912826
374510762
694460845
117461450
424260721
730560169
604676906
381535754
446375594
916380769
506026873
825404738
62582522
120085994
664122890
936128234
860714762
195517922
651178957
488279066
388596325
155865229
257853424
918415418
708772048
584941658
876636074
252614234
425495042
644525234
469472281
803270210
688630178
153372338
801477506
484722578
11144653
822699698
821948800
771463058
316134002
731296178
316502173
538985317
37270285
841985042
826839626
699940226
710614370
482248106
403210394
157571282
206084377
399690496
872874026
105527848
517729058
591488989
542842562
33920954
684670898
839831930
499125122
638337338
847446290
202447442
348354602
667117826
666674689
656549138
326103386
146593912
303630914
762404810
275788346
603371498
186603146
104746465
61439354
235527866
133215890
141515090
801408242
896549162
277079176
278844698
624000577
166079786
550851301
561676178
570193106
722050058
393014234
263347706
722176418
726656114
686213474
528622312
654139912
30845618
548522882
68945762
257140778
43694677
515504186
552839354
61439354
50677898
492212186
582441376
715073474
859261192
702782858
900126242
437702618
866109506
80779610
328561285
153283418
84204385
205909082
53455274
78942914
424896040
742886090
555287354
339575197
754585106
793819418
389313962
147032858
365637482
853393634
636780458
518326624
200295266
41461058
654246218
837922538
493632722
201120205
169807562
348914906
610877330
796303873
665619866
809409434
307861370
357513674
541849154
69773498
672306601
508469570
254267834
844136330
657531938
551975474
856047506
15068128
756723866
464480330
533239912
646889882
45926762
307813274
687886370
923290370
317813584
550993874
888888314
336445213
279753290
227975605
789467954
56643290
846245714
123282170
638838458
151076330
284153389
774354986
185013205
749574074
860580914
130681826
19890314
630644666
133930369
547917866
178617506
665619866
694288922
357513674
284934889
97718450
511573610
193700570
738250981
225203161
679495754
205909082
681297242
632507618
677774810
545701117
163197304
550792322
916856618
206126234
56277314
332584202
771510794
302739578
740206010
853188026
473893058
196426466
473409818
467812538
391134170
926618834
487086026
614570689
159249482
579603973
937102298
209111450
235499786
403377986
564490682
304441226
885606649
362722514
108991586
517729058
28193306
585463946
612169946
553216922
892624213
571984034
65637050
408337178
262487161
590367661
393481922
129252565
691786106
728914682
375390026
343002818
622576744
686999617
905262074
453179378
726656114
523060874
105527848
712833578
723826322
85407866
105296882
799504069
47555978
68890538
899354978
653717690
551884720
904987826
237943106
187452770
758464874
185004146
274214306
291353176
745804490
154651226
928573826
682056386
225652442
84204385
205439570
424834490
551884720
143215802
418105273
21654625
550227602
723193898
198241994
924421681
16347253
887152432
920958794
623721073
75800488
819773138
625571858
449275634
735998330
79787450
717632810
902474714
763108682
717527354
633035210
651525266
664232714
307861370
799701290
808766402
665988026
667748066
321571538
19890314
671333834
311865890
716201618
432905306
233547962
256731074
204152210
692510522
850506386
75065341
921633074
78241888
360673562
111691009
937516897
866714474
729833210
525845824
843804362
510544682
103911962
147377968
70479253
854604506
730615394
566783882
636172945
684106802
714078770
902481928
30146378
57754645
692297377
871687802
369333208
724635865
275317898
307258226
623074072
749253026
904525442
848100914
717917306
483984386
463542146
70479253
180181885
720757130
929693234
624312314
494504101
43133066
305508793
408946837
90141218
816941474
200588546
860020202
90055370
685662482
783019000
355797325
659328698
250614362
789716930
593269874
440722826
3812066
425472530
247071602
392770573
299971778
22292713
663758786
181158445
9969338
833003821
410956418
742807418
544143602
604657336
25303514
200295266
279753290
830930258
517608002
431154050
831484994
581369306
244349090
905204042
792214813
646772570
285128953
452797226
254120930
126775634
651525266
856428506
851617729
922870192
921705458
914142578
733396874
619216816
856732034
55145738
892624213
892661378
51696578
313559066
288921001
133930369
843352898
363831002
689663608
86976242
673912826
630110608
162660938
217782193
488628194
924705026
322026122
492212186
298871978
75219770
104429834
782568698
913278914
825278066
269463842
46002169
939521234
908711233
306253322
812761562
842273281
873227786
453926005
264304874
318569210
774273914
12899104
891715970
187371338
928521061
887601002
829040786
191471594
505692458
175896865
924196504
227020298
931223282
382668938
838264442
812499805
624116114
220829546
765354410
215717114
353296994
887562626
149148493
482248106
365976626
821948800
857127026
657215785
810624362
825990685
894618205
699154298
775144970
690392989
738421322
107708018
543173642
86600282
812056081
928802474
207692474
775816706
437702618
353139074
556576538
788379385
406878626
585048986
21323954
411834649
240049693
904525442
151819826
59453737
141858602
768537433
889728218
257853424
61439354
245186186
196521938
550227602
442822549
640520762
437327281
661036274
729383941
526799608
335011562
851526400
245816377
419280626
475379749
599489954
140112962
437074562
762713378
235499786
294232177
199575794
114039445
779755657
673912826
170910530
82171442
276479426
814743386
549216049
659328698
913119568
581392346
68555224
704564642
704564642
284292218
139335506
829052642
167114426
577848074
159171482
559917385
206979242
654865537
236701970
68363258
884462018
57504098
778152698
259926938
727248865
824009248
136248530
148895773
220000648
445192802
614396017
687156613
532998026
47394050
703785266
844571834
758180992
483008450
686898578
152684066
275910601
110721314
306737498
287847146
426258544
372893354
70030274
160959241
101656154
169213202
237727778
794552930
434550568
148680170
369964610
566783882
453070226
793383952
321571538
75297458
552344834
750408760
687328562
284628554
735998330
300839773
315882890
42672242
702509272
855218522
94210586
322855730
367027130
169244138
921243074
330251378
183249506
539148794
275788346
504379202
323222690
581369306
935517386
307380266
294767930
319623733
349545146
160948010
159449485
861553058
28798586
644475626
631458098
318569210
126827701
106619498
340573010
120085994
807450698
695726306
856732034
430352608
454321298
181929385
641147258
635697818
775816706
825404738
543173642
926801666
600811226
239235722
893419178
187792178
367601920
494934962
418998541
571953733
854012690
298924394
440748362
70030274
847066360
490247522
540864794
926801666
472841666
558552122
840030760
289643018
197619554
811217474
759669458
888394730
42969626
841371026
576925453
110846114
138401642
892532872
281750365
282806162
675064429
95609906
857899274
314347850
368819881
516345601
259474178
70030274
413553506
192865610
850342946
182497861
142392746
25303514
599761034
356376698
465665306
327566306
253546226
787530170
425997986
56162186
872404778
572462906
303980989
248087738
532620194
727207154
311865890
423796240
563603354
804862706
557476346
636309074
268162528
832689938
180528866
237257018
484556018
335773202
730794481
704282905
594799298
146708330
119341336
514138874
254930210
543804194
453070226
416474773
838437602
578590634
730529018
524009941
896961986
181423946
455418865
346715978
730794481
481582034
349541138
138253130
788412769
50587058
575924546
410690233
732987890
636506296
47394050
57504098
126135410
326103386
2
800250760
108317978
571953733
305725058
754937090
249382586
535924586
242427482
443907373
527285392
160567768
24955634
828992474
569081762
278533634
916319354
506331698
664040882
884212370
594325682
288674258
924646408
827900738
706014769
431283578
175809866
545701117
754158301
205439570
179893322
433895330
716136722
202078970
484274245
205019570
49374001
897343213
615436850
471796192
134183714
143001458
129530809
238608242
307803650
623347621
391719434
445186562
238264154
2368033
