97
9 2 2 4 4 4 6 4 4 7 5 7 9 2 8 9 2 4 3 4 3 7 6 4 9 3 9 5 9 4 4 4 7 4 5 4 2 4 2 5 4 4 3 4 4 4 7 6 8 4 3 4 4 3 8 8 2 4 4 7 7 5 3 4 3 6 8 9 3 4 5 4 2 5 4 6 6 8 7 2 4 4 9 8 2 4 2 8 9 4 2 4 5 4 4 7 7 
13
7 3 5 4 4 8 3 3 4 8 8 4 9 
45
8 4 6 4 3 4 8 3 5 5 5 3 7 9 4 3 4 7 7 2 2 2 6 6 3 4 4 2 9 4 5 5 7 2 3 4 6 2 9 4 5 2 8 8 5 
45
4 2 6 3 5 5 4 9 9 5 4 5 5 4 9 4 4 5 3 3 2 9 4 4 4 4 3 4 5 6 4 2 9 2 9 4 4 8 6 4 7 9 3 2 4 
79
7 6 4 8 2 4 5 7 4 2 5 5 7 5 4 9 6 5 3 8 4 9 6 4 8 6 2 4 6 7 3 2 5 5 8 2 5 5 3 4 5 3 4 9 9 5 7 7 7 5 4 4 7 4 7 4 8 4 3 8 6 4 4 4 5 4 8 4 4 5 4 8 5 9 4 4 6 5 4 
58
6 5 9 6 4 5 3 2 5 4 3 5 7 4 8 2 4 4 6 4 6 2 4 9 4 8 4 4 6 7 7 4 7 4 7 2 6 6 8 4 7 7 8 8 7 4 9 5 4 2 9 2 5 9 5 7 7 8 
66
2 4 9 4 7 6 5 4 6 4 6 4 9 5 9 8 5 4 4 8 2 8 2 4 6 7 9 4 8 2 3 7 4 2 6 9 5 4 4 4 8 3 6 3 4 7 4 4 4 5 6 8 3 6 9 6 6 4 9 5 2 4 4 8 4 3 
77
3 4 7 4 6 6 9 4 9 4 5 5 9 8 8 5 4 6 2 3 4 4 9 2 5 4 3 9 7 4 3 9 4 2 4 4 7 4 4 4 4 4 4 5 2 7 4 4 8 4 4 2 9 9 4 6 5 4 4 7 7 4 4 3 6 4 3 9 4 9 8 9 7 6 2 2 4 
60
3 4 5 5 7 9 4 3 6 6 3 5 6 8 4 8 4 5 6 8 4 4 4 4 4 8 9 4 4 2 3 4 8 4 9 7 4 4 3 4 5 4 6 4 3 6 7 4 2 5 4 2 6 8 4 3 7 3 5 9 
76
8 4 3 5 3 3 2 9 4 5 4 6 3 7 3 9 4 4 6 6 8 4 2 4 4 4 6 4 4 5 9 4 6 4 4 4 4 8 4 5 6 9 8 4 3 2 4 8 4 4 5 7 4 2 4 8 6 8 9 8 4 7 2 3 5 8 7 2 4 2 5 2 4 7 3 4 
51
6 6 3 9 6 9 4 2 2 9 3 4 9 3 9 9 8 6 5 4 4 7 3 6 2 5 6 6 9 4 7 2 8 4 2 4 8 2 2 4 4 8 4 5 2 4 2 8 7 7 4 
16
8 8 4 4 2 3 4 6 2 6 4 8 8 4 7 4 
77
4 4 2 4 3 6 6 6 9 6 5 6 8 4 6 5 4 5 6 5 9 2 4 5 4 3 6 3 3 7 4 6 7 8 6 2 7 3 9 4 9 8 8 4 5 6 5 5 7 9 8 2 2 6 4 5 4 7 2 4 4 2 6 2 5 4 6 9 6 7 7 6 4 8 4 4 4 
47
4 7 7 8 4 9 5 4 3 8 3 7 9 9 4 3 8 5 4 4 3 6 4 4 2 3 9 5 8 7 4 7 9 2 4 8 2 4 8 5 2 3 6 7 4 4 4 
4
9 3 7 7 
43
8 3 4 2 9 6 3 2 3 4 8 3 4 6 7 2 5 9 2 4 2 5 2 3 4 9 3 6 7 3 5 7 4 7 9 2 9 5 8 2 6 5 6 
72
6 8 8 6 9 4 8 4 6 6 7 2 8 4 5 6 4 4 9 2 5 6 4 4 7 4 4 3 5 6 4 4 5 4 4 6 4 3 4 4 4 7 4 4 9 8 4 2 7 9 7 5 6 4 4 5 6 4 2 3 3 4 9 4 7 4 4 4 7 5 3 4 
80
2 5 9 7 3 3 4 7 4 3 9 5 8 4 4 4 9 7 4 7 4 5 3 4 4 4 3 4 6 7 8 4 8 8 6 6 4 6 4 6 9 4 4 4 2 6 8 2 2 2 6 4 8 8 8 4 4 8 9 4 8 4 8 4 7 8 5 4 4 4 8 7 4 4 4 4 4 2 3 4 
69
4 5 2 3 4 4 7 2 2 4 3 7 4 8 4 6 9 9 5 2 4 6 8 4 4 2 4 4 9 9 4 4 6 3 6 3 8 3 3 4 2 4 4 7 4 9 4 2 4 7 5 4 2 8 5 3 7 4 6 6 5 4 7 4 8 8 6 6 8 
8
9 5 4 3 8 6 6 8 
8
79 9 61 30 92 88 81 86 
14
40 12 65 68 4 56 74 80 4 51 29 32 4 10 
7
39 29 15 27 60 22 6 
3
29 10 29 
6
99 22 58 50 75 82 
17
40 16 63 2 54 20 92 56 27 4 29 15 29 95 47 76 4 
3
21 42 67 
9
18 99 51 28 60 43 11 73 16 
19
93 45 71 46 66 29 17 68 5 86 16 21 44 76 28 65 59 51 32 
15
9 74 75 7 69 49 88 95 13 50 58 54 56 10 56 
7
29 4 65 27 3 59 19 
10
12 96 17 10 49 15 4 18 27 18 
14
62 82 61 67 30 97 84 44 76 78 4 14 34 63 
7
6 44 78 19 64 14 21 
17
42 49 85 63 74 99 32 36 31 16 68 96 89 25 62 93 98 
8
15 4 45 38 13 71 97 8 
5
31 49 50 83 38 
14
23 32 65 72 61 36 24 78 24 14 86 53 12 36 
7
95 72 33 98 17 4 50 
5
81 79 20 57 4 
