687252
409320
309132
700278
155118
198174
48630
82200
378906
61584
441486
339426
458526
877362
650226
878454
922980
505332
431106
410874
718920
984768
428226
265338
76680
34302
392706
630468
43932
546456
761412
261834
616692
757236
289812
38220
712884
832206
596202
625314
468018
606168
338784
634452
305652
707010
156486
199152
690642
882408
447396
51426
420612
184236
442398
904956
368046
419316
577296
42534
847032
380268
709770
828402
676518
893982
373230
941076
506946
999408
131262
783366
2706
403326
66450
885888
156150
985206
254088
765318
592392
721182
29304
115224
37194
464370
128676
697824
9198
337764
562098
223596
312084
309120
174036
998454
440064
527826
896430
402186
407136
520512
278748
702702
192024
285432
331134
424110
589038
114114
717984
615240
503016
71142
450978
490080
679368
165900
223302
925452
467022
704226
425604
444654
324516
780048
595290
689826
543804
877080
779574
709992
260298
837996
485544
554676
601746
858612
944046
896226
371832
519690
953976
200364
244716
190458
269532
690888
188412
569886
472722
633492
541068
333486
387018
982878
522564
420204
963252
380376
785868
563946
794586
494142
566850
78786
418752
962142
938934
575220
905784
91662
114762
569928
766746
920454
160974
471138
94740
581526
12918
512904
430386
333750
642264
977790
710850
136566
208872
780576
500928
563748
189114
981564
725298
395022
158316
474420
794112
27672192
